#OTU ID	75F10	72F7	41F5	12F2	84F9	52F5	74F8	94F7	24F9	93F7	53F8	54F4	102F3	105F4	51F4	83F4	21F5	91F7	23F2	92F10	95F10	55F1	104F8	22F2	71F8	85F5	103F5	82F7	73F4	25F1	101F3	31F3	81F8	45F9	44F1	14F8	43F8	42F10	15F4	11F4	32F2	34F3	13F7	35F8	33F5
174924	6.0	3.0	0.0	0.0	11.0	10.0	16.0	15.0	18.0	16.0	18.0	25.0	16.0	17.0	8.0	2.0	9.0	17.0	7.0	19.0	10.0	7.0	15.0	5.0	9.0	2.0	2.0	1.0	3.0	2.0	2.0	1.0	1.0	1.0	0.0	0.0	0.0	0.0	0.0	0.0	0.0	0.0	0.0	0.0	0.0
3903651	6.0	8.0	31.0	20.0	1.0	18.0	13.0	4.0	12.0	17.0	30.0	36.0	22.0	73.0	13.0	4.0	4.0	1.0	4.0	7.0	5.0	15.0	35.0	12.0	2.0	6.0	8.0	1.0	2.0	5.0	5.0	82.0	0.0	48.0	14.0	11.0	12.0	25.0	3.0	35.0	49.0	35.0	15.0	19.0	11.0
187248	3.0	4.0	0.0	23.0	0.0	0.0	1.0	1.0	65.0	1.0	0.0	0.0	0.0	0.0	0.0	1.0	20.0	1.0	25.0	0.0	3.0	0.0	0.0	24.0	1.0	0.0	0.0	0.0	2.0	26.0	0.0	1.0	0.0	7.0	6.0	38.0	4.0	3.0	34.0	24.0	0.0	0.0	33.0	0.0	0.0
4419459	7.0	2.0	0.0	0.0	62.0	0.0	11.0	0.0	4.0	0.0	0.0	0.0	0.0	0.0	0.0	133.0	1.0	2.0	3.0	7.0	8.0	0.0	0.0	1.0	1.0	46.0	0.0	156.0	49.0	17.0	0.0	0.0	82.0	0.0	0.0	0.0	0.0	0.0	0.0	0.0	0.0	3.0	0.0	4.0	0.0
297414	0.0	1.0	0.0	0.0	0.0	0.0	0.0	181.0	0.0	147.0	0.0	0.0	0.0	0.0	0.0	0.0	0.0	130.0	0.0	66.0	162.0	0.0	1.0	0.0	0.0	0.0	0.0	0.0	0.0	0.0	0.0	0.0	0.0	0.0	0.0	0.0	0.0	0.0	0.0	0.0	0.0	0.0	0.0	0.0	0.0
4339144	0.0	0.0	0.0	0.0	0.0	46.0	0.0	0.0	95.0	0.0	25.0	53.0	0.0	0.0	31.0	0.0	23.0	0.0	30.0	0.0	0.0	18.0	0.0	23.0	0.0	0.0	0.0	0.0	0.0	24.0	0.0	0.0	0.0	2.0	0.0	0.0	0.0	0.0	0.0	0.0	0.0	0.0	0.0	0.0	0.0
4427459	0.0	0.0	990.0	3.0	1.0	0.0	0.0	0.0	509.0	1.0	0.0	1.0	0.0	1.0	0.0	0.0	738.0	1.0	494.0	0.0	0.0	0.0	2.0	263.0	0.0	1.0	0.0	0.0	0.0	143.0	0.0	0.0	0.0	805.0	844.0	5.0	577.0	705.0	0.0	35.0	0.0	0.0	3.0	5.0	2.0
731422	0.0	3.0	0.0	0.0	0.0	0.0	0.0	544.0	0.0	483.0	0.0	1.0	2.0	5.0	0.0	0.0	1.0	419.0	0.0	430.0	821.0	1.0	3.0	0.0	1.0	2.0	4.0	0.0	0.0	0.0	3.0	0.0	0.0	0.0	0.0	1.0	1.0	0.0	0.0	0.0	1.0	1.0	0.0	0.0	0.0
730906	45.0	130.0	126.0	4.0	7.0	33.0	179.0	22.0	20.0	60.0	14.0	17.0	57.0	75.0	26.0	3.0	7.0	40.0	11.0	46.0	20.0	26.0	126.0	20.0	53.0	4.0	80.0	3.0	17.0	5.0	21.0	9.0	3.0	151.0	79.0	2.0	86.0	99.0	10.0	5.0	5.0	8.0	9.0	5.0	6.0
4306262	31.0	2.0	99.0	0.0	162.0	0.0	12.0	164.0	12.0	41.0	0.0	0.0	0.0	0.0	1.0	2184.0	65.0	191.0	30.0	348.0	9.0	0.0	0.0	10.0	1.0	650.0	0.0	281.0	5.0	11.0	0.0	0.0	31.0	1655.0	2177.0	7.0	3.0	150.0	0.0	5.0	0.0	0.0	0.0	0.0	0.0
4476527	15.0	31.0	2.0	13.0	15.0	1.0	31.0	9.0	11.0	6.0	1.0	0.0	12.0	8.0	0.0	21.0	24.0	5.0	14.0	6.0	6.0	1.0	10.0	9.0	19.0	1.0	6.0	32.0	7.0	20.0	3.0	41.0	4.0	1.0	2.0	26.0	1.0	1.0	11.0	7.0	105.0	49.0	8.0	91.0	8.0
4300690	6.0	13.0	0.0	0.0	35.0	0.0	66.0	15.0	0.0	44.0	0.0	0.0	0.0	0.0	0.0	138.0	0.0	87.0	0.0	177.0	11.0	0.0	0.0	0.0	80.0	76.0	0.0	80.0	212.0	0.0	0.0	0.0	52.0	0.0	0.0	0.0	0.0	0.0	0.0	1.0	0.0	0.0	0.0	0.0	0.0
3413566	0.0	0.0	0.0	0.0	0.0	1.0	2.0	0.0	0.0	0.0	2.0	0.0	0.0	0.0	8.0	0.0	0.0	0.0	0.0	0.0	0.0	0.0	0.0	0.0	0.0	0.0	0.0	0.0	0.0	0.0	0.0	54.0	3.0	0.0	0.0	0.0	0.0	0.0	0.0	0.0	39.0	77.0	1.0	37.0	79.0
311950	63.0	20.0	0.0	0.0	22.0	0.0	11.0	1.0	0.0	0.0	0.0	0.0	0.0	0.0	0.0	23.0	0.0	0.0	0.0	0.0	0.0	0.0	0.0	0.0	38.0	37.0	0.0	88.0	7.0	0.0	0.0	0.0	15.0	0.0	0.0	0.0	0.0	0.0	0.0	0.0	0.0	0.0	0.0	1.0	0.0
176062	101.0	416.0	417.0	0.0	41.0	0.0	246.0	0.0	0.0	0.0	0.0	0.0	0.0	0.0	1.0	24.0	0.0	0.0	0.0	0.0	0.0	1.0	0.0	0.0	148.0	27.0	0.0	46.0	159.0	0.0	0.0	0.0	18.0	154.0	151.0	0.0	154.0	209.0	0.0	0.0	0.0	1.0	0.0	1.0	0.0
4476780	14.0	7.0	131.0	39.0	85.0	833.0	7.0	77.0	40.0	87.0	1133.0	1753.0	1.0	0.0	530.0	97.0	8.0	69.0	0.0	76.0	74.0	971.0	0.0	9.0	15.0	95.0	2.0	76.0	10.0	1.0	0.0	125.0	32.0	75.0	341.0	34.0	152.0	110.0	11.0	52.0	237.0	228.0	28.0	103.0	85.0
2951214	785.0	201.0	1.0	111.0	60.0	0.0	69.0	314.0	1.0	309.0	0.0	0.0	185.0	141.0	0.0	252.0	0.0	326.0	0.0	278.0	681.0	3.0	67.0	0.0	260.0	152.0	126.0	179.0	160.0	0.0	62.0	1.0	80.0	0.0	2.0	573.0	1.0	0.0	106.0	256.0	0.0	1.0	485.0	0.0	2.0
197458	46.0	431.0	1574.0	1557.0	79.0	1203.0	210.0	564.0	3.0	230.0	2668.0	474.0	844.0	588.0	1335.0	18.0	1.0	12.0	7.0	4.0	112.0	1191.0	1066.0	2.0	62.0	216.0	958.0	77.0	245.0	1.0	418.0	44.0	44.0	313.0	641.0	2056.0	2207.0	855.0	2718.0	2870.0	93.0	2011.0	3390.0	2198.0	26.0
791348	1.0	0.0	1038.0	0.0	0.0	0.0	0.0	0.0	0.0	0.0	0.0	0.0	0.0	0.0	2.0	0.0	0.0	0.0	0.0	1.0	1.0	0.0	0.0	0.0	0.0	0.0	0.0	0.0	0.0	0.0	0.0	0.0	0.0	351.0	1249.0	0.0	623.0	460.0	0.0	1.0	1.0	1.0	0.0	1.0	0.0
1142029	0.0	0.0	76.0	3.0	18.0	0.0	0.0	0.0	37.0	1.0	0.0	0.0	0.0	0.0	0.0	6.0	15.0	0.0	37.0	0.0	0.0	0.0	0.0	50.0	0.0	13.0	0.0	13.0	0.0	47.0	0.0	134.0	1.0	99.0	22.0	5.0	29.0	79.0	94.0	4.0	119.0	3.0	6.0	12.0	91.0
4331360	31.0	100.0	15.0	0.0	66.0	63.0	90.0	63.0	354.0	43.0	61.0	87.0	68.0	73.0	52.0	37.0	257.0	67.0	268.0	41.0	26.0	51.0	180.0	335.0	89.0	23.0	102.0	41.0	40.0	244.0	32.0	134.0	7.0	15.0	33.0	0.0	21.0	10.0	0.0	0.0	185.0	614.0	1.0	56.0	31.0
186104	4.0	0.0	0.0	0.0	582.0	0.0	0.0	0.0	0.0	0.0	1.0	0.0	0.0	0.0	0.0	807.0	1.0	1.0	0.0	0.0	1.0	0.0	0.0	0.0	0.0	742.0	0.0	911.0	2.0	0.0	1.0	0.0	376.0	0.0	0.0	0.0	0.0	0.0	0.0	2.0	0.0	1.0	0.0	0.0	0.0
3472078	18.0	9.0	23.0	18.0	5.0	67.0	7.0	1.0	4.0	2.0	43.0	3.0	0.0	13.0	28.0	1.0	16.0	0.0	18.0	2.0	2.0	56.0	9.0	9.0	11.0	7.0	4.0	10.0	13.0	33.0	1.0	2.0	7.0	38.0	86.0	2.0	149.0	42.0	3.0	8.0	13.0	4.0	22.0	24.0	0.0
188966	3.0	11.0	27.0	0.0	0.0	17.0	4.0	2.0	2.0	16.0	36.0	36.0	3.0	0.0	36.0	5.0	0.0	19.0	3.0	43.0	6.0	13.0	3.0	7.0	5.0	0.0	6.0	2.0	1.0	1.0	1.0	0.0	0.0	14.0	12.0	0.0	7.0	10.0	0.0	0.0	0.0	1.0	0.0	0.0	0.0
197077	13.0	121.0	411.0	358.0	21.0	290.0	40.0	142.0	2.0	62.0	676.0	116.0	182.0	158.0	321.0	3.0	0.0	2.0	0.0	1.0	27.0	308.0	307.0	2.0	17.0	62.0	263.0	20.0	58.0	0.0	102.0	19.0	18.0	67.0	163.0	521.0	603.0	213.0	571.0	724.0	26.0	469.0	861.0	509.0	6.0
197072	104.0	52.0	41.0	49.0	20.0	202.0	53.0	1.0	44.0	21.0	121.0	20.0	5.0	66.0	114.0	7.0	75.0	0.0	116.0	1.0	13.0	97.0	42.0	52.0	65.0	17.0	24.0	26.0	89.0	112.0	0.0	10.0	10.0	177.0	145.0	8.0	103.0	198.0	3.0	42.0	18.0	23.0	50.0	27.0	18.0
175642	8.0	12.0	9.0	12.0	1.0	9.0	13.0	1.0	1.0	1.0	3.0	1.0	9.0	9.0	2.0	0.0	2.0	4.0	8.0	3.0	1.0	5.0	5.0	12.0	3.0	1.0	6.0	2.0	0.0	8.0	3.0	0.0	2.0	5.0	7.0	30.0	3.0	1.0	39.0	43.0	0.0	0.0	40.0	0.0	0.0
248902	1.0	7.0	4.0	3.0	2.0	0.0	4.0	0.0	10.0	0.0	1.0	0.0	0.0	2.0	0.0	0.0	47.0	9.0	5.0	24.0	16.0	0.0	1.0	145.0	1.0	0.0	2.0	0.0	1.0	10.0	0.0	0.0	0.0	0.0	0.0	2.0	0.0	9.0	3.0	56.0	0.0	3.0	1.0	0.0	27.0
4385326	2.0	2.0	65.0	0.0	20.0	57.0	0.0	4.0	192.0	36.0	76.0	53.0	82.0	101.0	137.0	5.0	57.0	43.0	203.0	32.0	7.0	38.0	156.0	250.0	0.0	7.0	158.0	12.0	0.0	222.0	39.0	0.0	2.0	44.0	128.0	0.0	45.0	20.0	1.0	0.0	0.0	0.0	0.0	1.0	0.0
4465124	31.0	38.0	0.0	0.0	37.0	0.0	64.0	6.0	0.0	10.0	0.0	0.0	0.0	0.0	0.0	91.0	0.0	36.0	0.0	32.0	6.0	0.0	0.0	0.0	41.0	43.0	0.0	56.0	68.0	0.0	0.0	0.0	36.0	0.0	0.0	0.0	0.0	0.0	1.0	1.0	0.0	0.0	0.0	0.0	0.0
4468384	171.0	693.0	207.0	47.0	9.0	5.0	182.0	2.0	1.0	0.0	26.0	6.0	9.0	66.0	11.0	2.0	1.0	7.0	3.0	4.0	0.0	5.0	13.0	1.0	178.0	6.0	31.0	20.0	86.0	0.0	9.0	245.0	9.0	16.0	56.0	17.0	34.0	69.0	49.0	143.0	806.0	335.0	64.0	675.0	296.0
275237	247.0	544.0	0.0	2.0	4.0	0.0	420.0	921.0	1.0	777.0	3.0	1.0	2691.0	2283.0	2.0	3.0	0.0	695.0	1.0	625.0	1380.0	2.0	1713.0	0.0	263.0	5.0	1605.0	1.0	431.0	0.0	1727.0	0.0	0.0	0.0	3.0	0.0	1.0	1.0	0.0	3.0	0.0	1.0	0.0	0.0	0.0
365536	40.0	15.0	68.0	1.0	5.0	39.0	12.0	3.0	18.0	13.0	51.0	60.0	23.0	45.0	34.0	2.0	8.0	8.0	13.0	13.0	3.0	21.0	43.0	7.0	30.0	9.0	12.0	7.0	33.0	4.0	6.0	0.0	1.0	45.0	84.0	4.0	76.0	109.0	0.0	5.0	0.0	0.0	2.0	0.0	0.0
1740498	22.0	14.0	40.0	7.0	56.0	1.0	17.0	18.0	72.0	11.0	0.0	0.0	8.0	37.0	0.0	32.0	31.0	8.0	42.0	5.0	11.0	1.0	46.0	51.0	8.0	29.0	17.0	52.0	19.0	63.0	4.0	1.0	19.0	38.0	124.0	45.0	68.0	46.0	13.0	12.0	0.0	0.0	24.0	0.0	1.0
299837	1981.0	5272.0	1038.0	286.0	1217.0	1606.0	4471.0	1049.0	1379.0	1705.0	2800.0	697.0	2673.0	2311.0	1344.0	1209.0	1546.0	1567.0	1934.0	1125.0	2001.0	2186.0	3233.0	874.0	4073.0	1838.0	1546.0	1247.0	2469.0	3579.0	1353.0	1013.0	423.0	298.0	1175.0	784.0	1476.0	668.0	814.0	664.0	2983.0	1354.0	573.0	2322.0	277.0
825808	1.0	1.0	455.0	19.0	100.0	0.0	0.0	0.0	177.0	0.0	0.0	0.0	1.0	1.0	0.0	63.0	100.0	0.0	216.0	0.0	0.0	0.0	0.0	297.0	0.0	73.0	0.0	50.0	0.0	228.0	0.0	788.0	21.0	548.0	150.0	33.0	132.0	677.0	636.0	27.0	738.0	22.0	34.0	84.0	426.0
4401580	207.0	335.0	345.0	5.0	4.0	9.0	158.0	0.0	3.0	0.0	6.0	5.0	0.0	4.0	6.0	1.0	1.0	1.0	7.0	0.0	0.0	8.0	7.0	3.0	197.0	0.0	0.0	1.0	190.0	8.0	2.0	2.0	0.0	237.0	827.0	1.0	446.0	273.0	0.0	5.0	4.0	9.0	0.0	3.0	1.0
336614	3077.0	7569.0	20.0	629.0	171.0	4959.0	1790.0	1224.0	2281.0	3279.0	6438.0	3454.0	4167.0	1796.0	7087.0	1449.0	1128.0	7269.0	1902.0	3958.0	2428.0	4267.0	1522.0	1916.0	4585.0	2158.0	2545.0	644.0	1345.0	1874.0	1870.0	687.0	308.0	1668.0	938.0	388.0	16.0	267.0	1339.0	1248.0	1534.0	191.0	839.0	480.0	444.0
4402903	88.0	0.0	0.0	0.0	295.0	0.0	20.0	1.0	0.0	1.0	0.0	0.0	0.0	0.0	0.0	447.0	0.0	12.0	0.0	59.0	2.0	0.0	0.0	0.0	3.0	179.0	0.0	196.0	61.0	0.0	0.0	0.0	79.0	0.0	0.0	0.0	0.0	0.0	0.0	1.0	1.0	0.0	0.0	0.0	0.0
180285	10.0	14.0	0.0	8.0	12.0	0.0	12.0	3.0	10.0	2.0	0.0	0.0	6.0	2.0	0.0	11.0	27.0	4.0	25.0	2.0	7.0	0.0	10.0	14.0	12.0	3.0	8.0	11.0	5.0	31.0	0.0	16.0	2.0	0.0	1.0	12.0	1.0	1.0	9.0	3.0	47.0	22.0	8.0	41.0	3.0
198788	19.0	24.0	0.0	29.0	0.0	64.0	23.0	1.0	11.0	3.0	31.0	44.0	0.0	2.0	29.0	0.0	2.0	1.0	10.0	0.0	0.0	35.0	0.0	4.0	18.0	1.0	0.0	0.0	22.0	14.0	0.0	51.0	1.0	3.0	2.0	11.0	1.0	0.0	9.0	38.0	57.0	77.0	30.0	43.0	53.0
1763286	3.0	3.0	0.0	17.0	11.0	0.0	3.0	5.0	9.0	7.0	0.0	0.0	5.0	9.0	0.0	6.0	0.0	9.0	2.0	12.0	2.0	0.0	10.0	0.0	14.0	21.0	0.0	11.0	0.0	0.0	1.0	6.0	6.0	2.0	0.0	0.0	0.0	0.0	62.0	31.0	0.0	9.0	2.0	2.0	115.0
180572	1.0	1.0	28.0	0.0	3.0	4.0	6.0	1.0	1.0	0.0	1.0	0.0	4.0	2.0	1.0	2.0	1.0	0.0	0.0	0.0	1.0	0.0	3.0	1.0	6.0	3.0	1.0	1.0	5.0	2.0	2.0	0.0	0.0	15.0	262.0	1.0	93.0	23.0	1.0	1.0	0.0	0.0	0.0	0.0	0.0
177679	58.0	49.0	0.0	0.0	0.0	0.0	34.0	1.0	0.0	0.0	0.0	0.0	96.0	139.0	0.0	0.0	0.0	1.0	0.0	0.0	1.0	0.0	57.0	0.0	52.0	0.0	70.0	1.0	26.0	0.0	16.0	0.0	0.0	0.0	0.0	0.0	0.0	0.0	0.0	0.0	0.0	0.0	0.0	0.0	0.0
4426249	173.0	129.0	134.0	0.0	229.0	560.0	478.0	213.0	188.0	157.0	426.0	326.0	0.0	0.0	251.0	576.0	49.0	68.0	79.0	108.0	69.0	965.0	1.0	62.0	220.0	859.0	0.0	866.0	493.0	105.0	0.0	0.0	281.0	54.0	826.0	0.0	256.0	409.0	0.0	2.0	0.0	3.0	1.0	1.0	2.0
4405482	75.0	232.0	274.0	0.0	101.0	293.0	147.0	10.0	711.0	56.0	322.0	416.0	186.0	471.0	408.0	79.0	252.0	61.0	231.0	47.0	21.0	217.0	364.0	405.0	118.0	84.0	207.0	36.0	112.0	189.0	76.0	1.0	10.0	253.0	265.0	0.0	150.0	153.0	0.0	1.0	0.0	0.0	1.0	0.0	2.0
168071	4.0	2.0	42.0	4.0	17.0	14.0	4.0	7.0	33.0	16.0	16.0	43.0	21.0	44.0	25.0	6.0	31.0	5.0	34.0	6.0	6.0	14.0	54.0	18.0	2.0	11.0	24.0	6.0	4.0	32.0	5.0	0.0	3.0	31.0	59.0	15.0	23.0	17.0	7.0	11.0	0.0	0.0	16.0	0.0	0.0
182052	33.0	11.0	0.0	0.0	23.0	0.0	8.0	4.0	0.0	7.0	0.0	0.0	2.0	11.0	0.0	14.0	0.0	0.0	0.0	2.0	0.0	0.0	4.0	0.0	15.0	32.0	6.0	33.0	25.0	0.0	1.0	1.0	11.0	0.0	0.0	0.0	0.0	0.0	0.0	0.0	21.0	4.0	0.0	23.0	0.0
190490	33.0	19.0	0.0	0.0	46.0	1.0	12.0	0.0	0.0	0.0	1.0	0.0	0.0	0.0	1.0	33.0	0.0	0.0	0.0	0.0	0.0	0.0	0.0	0.0	11.0	34.0	0.0	20.0	4.0	0.0	0.0	0.0	8.0	2.0	2.0	0.0	9.0	0.0	0.0	0.0	0.0	0.0	0.0	0.0	0.0
163243	2.0	0.0	0.0	0.0	133.0	0.0	1.0	0.0	1.0	0.0	0.0	0.0	0.0	0.0	0.0	245.0	0.0	125.0	1.0	94.0	0.0	0.0	0.0	0.0	0.0	274.0	0.0	291.0	0.0	0.0	0.0	0.0	105.0	0.0	0.0	1.0	0.0	0.0	0.0	0.0	0.0	1.0	0.0	0.0	0.0
4449055	2451.0	3293.0	1.0	0.0	3599.0	2.0	2630.0	1.0	3.0	0.0	4.0	6.0	1.0	6.0	2.0	4363.0	0.0	1.0	5.0	2.0	3.0	4.0	2.0	2.0	3045.0	3963.0	2.0	4241.0	357.0	0.0	3.0	0.0	1873.0	2.0	3.0	3.0	0.0	0.0	0.0	6.0	1.0	4.0	2.0	0.0	8.0
4449054	2.0	3.0	1.0	1.0	48.0	903.0	0.0	0.0	150.0	2.0	645.0	936.0	314.0	1417.0	636.0	74.0	277.0	1.0	294.0	2.0	0.0	795.0	595.0	308.0	2.0	66.0	262.0	29.0	8.0	313.0	95.0	471.0	17.0	16.0	11.0	1.0	7.0	0.0	0.0	1.0	948.0	1069.0	0.0	1098.0	477.0
619817	1.0	2.0	0.0	0.0	5.0	31.0	0.0	0.0	44.0	0.0	105.0	171.0	0.0	0.0	75.0	3.0	1.0	0.0	7.0	0.0	0.0	37.0	1.0	58.0	1.0	1.0	0.0	0.0	1.0	19.0	0.0	0.0	0.0	0.0	0.0	0.0	0.0	0.0	0.0	0.0	1.0	0.0	0.0	0.0	0.0
272964	2.0	7.0	13.0	18.0	4.0	5.0	10.0	1.0	8.0	14.0	2.0	2.0	3.0	12.0	2.0	0.0	1.0	27.0	9.0	35.0	0.0	1.0	0.0	1.0	2.0	0.0	1.0	1.0	0.0	17.0	0.0	3.0	0.0	0.0	9.0	17.0	2.0	0.0	38.0	0.0	0.0	15.0	3.0	2.0	119.0
4425214	177.0	1014.0	7.0	156.0	39.0	3.0	197.0	8.0	152.0	9.0	4.0	8.0	65.0	169.0	7.0	0.0	33.0	14.0	113.0	23.0	11.0	9.0	50.0	45.0	164.0	18.0	68.0	3.0	34.0	102.0	51.0	66.0	3.0	9.0	7.0	7.0	25.0	2.0	315.0	9.0	39.0	183.0	18.0	17.0	520.0
193969	0.0	0.0	0.0	0.0	17.0	0.0	0.0	0.0	0.0	0.0	0.0	0.0	0.0	0.0	0.0	83.0	1.0	0.0	0.0	0.0	0.0	0.0	0.0	0.0	0.0	11.0	0.0	179.0	0.0	0.0	0.0	0.0	46.0	0.0	0.0	0.0	0.0	0.0	0.0	0.0	0.0	0.0	0.0	0.0	0.0
191842	20.0	60.0	79.0	0.0	41.0	0.0	31.0	0.0	0.0	0.0	0.0	0.0	0.0	0.0	0.0	22.0	0.0	0.0	0.0	0.0	0.0	0.0	0.0	0.0	18.0	23.0	0.0	40.0	41.0	0.0	0.0	0.0	14.0	39.0	32.0	0.0	25.0	39.0	0.0	0.0	0.0	0.0	0.0	0.0	0.0
3537197	50.0	62.0	97.0	207.0	30.0	0.0	60.0	7.0	16.0	29.0	0.0	2.0	0.0	0.0	1.0	45.0	5.0	11.0	12.0	36.0	21.0	1.0	0.0	62.0	23.0	13.0	0.0	48.0	12.0	14.0	0.0	0.0	7.0	8.0	117.0	132.0	121.0	46.0	450.0	328.0	0.0	0.0	292.0	0.0	0.0
175630	0.0	0.0	47.0	0.0	22.0	3.0	0.0	2.0	1.0	9.0	3.0	7.0	0.0	0.0	1.0	18.0	0.0	3.0	0.0	4.0	8.0	0.0	0.0	0.0	0.0	13.0	0.0	12.0	0.0	0.0	0.0	0.0	4.0	18.0	49.0	0.0	39.0	76.0	0.0	0.0	0.0	0.0	0.0	0.0	0.0
4480244	1.0	2.0	1.0	54.0	1.0	289.0	0.0	0.0	454.0	0.0	251.0	513.0	1.0	0.0	231.0	0.0	285.0	0.0	141.0	0.0	0.0	228.0	0.0	199.0	1.0	0.0	0.0	0.0	1.0	108.0	0.0	487.0	0.0	3.0	2.0	76.0	2.0	0.0	19.0	169.0	466.0	104.0	52.0	376.0	87.0
317677	4.0	15.0	39.0	27.0	3.0	22.0	16.0	13.0	1.0	11.0	51.0	0.0	31.0	12.0	25.0	3.0	12.0	2.0	28.0	0.0	5.0	28.0	19.0	1.0	9.0	8.0	43.0	13.0	23.0	1.0	20.0	0.0	6.0	7.0	18.0	13.0	106.0	38.0	25.0	48.0	1.0	2.0	64.0	71.0	0.0
193148	437.0	520.0	650.0	732.0	36.0	285.0	265.0	49.0	85.0	46.0	411.0	167.0	145.0	167.0	384.0	16.0	30.0	260.0	88.0	143.0	70.0	426.0	89.0	127.0	210.0	8.0	121.0	18.0	71.0	126.0	69.0	111.0	8.0	264.0	338.0	512.0	206.0	170.0	669.0	1277.0	210.0	164.0	620.0	263.0	119.0
194497	562.0	1356.0	487.0	741.0	10.0	963.0	666.0	429.0	1665.0	1119.0	1040.0	731.0	1153.0	897.0	1053.0	237.0	2138.0	1486.0	1370.0	1292.0	1033.0	733.0	335.0	1842.0	507.0	88.0	650.0	319.0	558.0	1449.0	560.0	1551.0	90.0	293.0	163.0	721.0	1853.0	1855.0	2067.0	1419.0	2966.0	687.0	1398.0	2267.0	1214.0
344430	627.0	1695.0	308.0	88.0	382.0	505.0	1426.0	331.0	418.0	555.0	806.0	192.0	943.0	720.0	393.0	396.0	498.0	539.0	634.0	348.0	639.0	682.0	1018.0	354.0	1262.0	627.0	549.0	388.0	760.0	1183.0	421.0	313.0	144.0	88.0	403.0	222.0	492.0	216.0	241.0	192.0	969.0	416.0	154.0	702.0	103.0
165118	2111.0	866.0	0.0	0.0	1.0	1.0	1712.0	1.0	0.0	0.0	1.0	0.0	1.0	1.0	2.0	0.0	2.0	0.0	0.0	0.0	0.0	1.0	0.0	2.0	869.0	0.0	0.0	0.0	1255.0	1.0	0.0	1291.0	0.0	0.0	1.0	0.0	0.0	0.0	0.0	4.0	1325.0	1645.0	1.0	1023.0	1288.0
4381635	1.0	0.0	0.0	0.0	0.0	0.0	0.0	6.0	0.0	15.0	0.0	0.0	0.0	0.0	0.0	0.0	0.0	54.0	0.0	169.0	30.0	0.0	0.0	0.0	0.0	0.0	0.0	0.0	0.0	0.0	0.0	0.0	0.0	0.0	0.0	0.0	0.0	0.0	0.0	0.0	0.0	0.0	0.0	0.0	0.0
4439469	30.0	13.0	52.0	7.0	41.0	16.0	27.0	1.0	77.0	24.0	51.0	89.0	58.0	263.0	17.0	71.0	43.0	13.0	28.0	28.0	13.0	20.0	126.0	16.0	24.0	41.0	93.0	24.0	12.0	31.0	15.0	24.0	8.0	47.0	43.0	4.0	23.0	77.0	1.0	34.0	54.0	15.0	8.0	23.0	4.0
325850	244.0	66.0	225.0	2.0	1.0	0.0	308.0	0.0	1.0	0.0	0.0	0.0	0.0	0.0	1.0	0.0	0.0	0.0	0.0	0.0	0.0	1.0	0.0	0.0	81.0	0.0	0.0	0.0	2180.0	0.0	0.0	0.0	0.0	2.0	0.0	0.0	25.0	66.0	0.0	3.0	0.0	0.0	0.0	0.0	0.0
187267	0.0	0.0	15.0	0.0	1.0	33.0	0.0	24.0	0.0	49.0	40.0	7.0	0.0	1.0	39.0	0.0	0.0	24.0	0.0	30.0	29.0	29.0	0.0	0.0	0.0	0.0	0.0	0.0	0.0	0.0	0.0	0.0	0.0	35.0	9.0	0.0	15.0	4.0	0.0	0.0	0.0	0.0	0.0	0.0	0.0
194870	3.0	6.0	11.0	33.0	0.0	21.0	4.0	0.0	16.0	3.0	18.0	18.0	13.0	13.0	14.0	4.0	2.0	13.0	11.0	6.0	4.0	5.0	1.0	11.0	5.0	2.0	1.0	7.0	1.0	3.0	6.0	0.0	2.0	7.0	13.0	22.0	23.0	12.0	65.0	63.0	0.0	0.0	10.0	0.0	0.0
195651	19.0	22.0	4.0	2.0	2.0	12.0	13.0	6.0	1.0	14.0	18.0	0.0	25.0	15.0	5.0	5.0	2.0	14.0	6.0	6.0	4.0	14.0	8.0	2.0	21.0	12.0	9.0	9.0	4.0	11.0	4.0	0.0	3.0	1.0	1.0	1.0	3.0	2.0	4.0	3.0	1.0	0.0	7.0	4.0	0.0
4405104	177.0	282.0	0.0	0.0	56.0	94.0	213.0	10.0	126.0	5.0	48.0	64.0	0.0	1.0	58.0	104.0	78.0	3.0	110.0	8.0	2.0	89.0	0.0	74.0	148.0	103.0	0.0	94.0	168.0	57.0	0.0	0.0	17.0	0.0	0.0	0.0	0.0	0.0	0.0	1.0	0.0	1.0	0.0	0.0	0.0
16054	256.0	895.0	0.0	0.0	15.0	85.0	384.0	35.0	110.0	41.0	58.0	22.0	0.0	0.0	79.0	33.0	106.0	158.0	338.0	138.0	99.0	43.0	0.0	202.0	180.0	28.0	0.0	7.0	86.0	205.0	0.0	0.0	2.0	4.0	0.0	0.0	1.0	0.0	1.0	2.0	0.0	0.0	0.0	1.0	1.0
321902	0.0	0.0	0.0	0.0	9.0	88.0	0.0	0.0	0.0	0.0	48.0	27.0	0.0	0.0	47.0	13.0	0.0	0.0	0.0	0.0	1.0	34.0	1.0	0.0	0.0	2.0	0.0	14.0	0.0	0.0	0.0	0.0	7.0	0.0	0.0	0.0	0.0	0.0	0.0	0.0	0.0	0.0	0.0	0.0	1.0
1504042	245.0	81.0	389.0	10.0	72.0	176.0	147.0	16.0	96.0	97.0	275.0	500.0	266.0	747.0	141.0	79.0	85.0	34.0	62.0	31.0	42.0	135.0	222.0	25.0	74.0	74.0	177.0	68.0	260.0	41.0	80.0	25.0	29.0	245.0	204.0	5.0	285.0	386.0	3.0	30.0	30.0	15.0	13.0	31.0	6.0
4352747	256.0	278.0	311.0	575.0	240.0	1156.0	202.0	57.0	653.0	69.0	713.0	937.0	202.0	38.0	667.0	180.0	161.0	21.0	257.0	31.0	66.0	600.0	165.0	242.0	177.0	202.0	63.0	424.0	351.0	498.0	46.0	133.0	173.0	159.0	314.0	607.0	357.0	401.0	222.0	706.0	239.0	551.0	673.0	256.0	103.0
4144205	4.0	8.0	0.0	87.0	49.0	127.0	8.0	17.0	171.0	2.0	129.0	18.0	6.0	6.0	68.0	54.0	99.0	3.0	85.0	2.0	6.0	78.0	1.0	88.0	8.0	24.0	3.0	17.0	8.0	104.0	5.0	0.0	4.0	2.0	12.0	136.0	5.0	4.0	107.0	134.0	0.0	0.0	41.0	0.0	0.0
4395774	144.0	93.0	0.0	0.0	187.0	0.0	75.0	56.0	2.0	44.0	0.0	0.0	43.0	245.0	0.0	191.0	1.0	19.0	1.0	24.0	24.0	0.0	75.0	0.0	59.0	189.0	82.0	132.0	178.0	0.0	10.0	562.0	86.0	0.0	0.0	0.0	0.0	0.0	1.0	2.0	716.0	809.0	1.0	638.0	509.0
146586	0.0	0.0	0.0	62.0	0.0	0.0	0.0	0.0	0.0	0.0	0.0	0.0	0.0	0.0	0.0	0.0	0.0	0.0	0.0	0.0	0.0	0.0	0.0	0.0	0.0	0.0	0.0	0.0	0.0	0.0	0.0	0.0	0.0	0.0	0.0	44.0	0.0	0.0	33.0	50.0	0.0	0.0	48.0	0.0	0.0
173965	10.0	48.0	19.0	90.0	7.0	23.0	94.0	5.0	11.0	17.0	23.0	28.0	11.0	21.0	27.0	4.0	14.0	33.0	30.0	64.0	6.0	17.0	11.0	72.0	21.0	2.0	18.0	5.0	5.0	33.0	5.0	0.0	0.0	17.0	20.0	39.0	10.0	8.0	42.0	79.0	0.0	0.0	243.0	0.0	0.0
195004	1.0	5.0	0.0	929.0	2.0	2.0	2.0	1.0	2.0	4.0	1.0	3.0	0.0	1.0	1.0	2.0	0.0	5.0	4.0	4.0	0.0	0.0	0.0	2.0	3.0	0.0	1.0	0.0	4.0	0.0	2.0	1.0	0.0	0.0	3.0	580.0	0.0	1.0	2093.0	1849.0	1.0	0.0	1286.0	0.0	2.0
4324964	3.0	6.0	2.0	16.0	8.0	35.0	5.0	3.0	16.0	4.0	18.0	31.0	10.0	1.0	21.0	4.0	10.0	0.0	6.0	1.0	1.0	13.0	5.0	4.0	7.0	7.0	0.0	12.0	7.0	12.0	1.0	7.0	5.0	3.0	9.0	20.0	13.0	16.0	8.0	12.0	9.0	14.0	19.0	4.0	2.0
4391009	92.0	113.0	0.0	0.0	76.0	0.0	148.0	0.0	0.0	0.0	0.0	0.0	0.0	0.0	1.0	32.0	0.0	0.0	0.0	1.0	0.0	0.0	1.0	0.0	66.0	180.0	0.0	86.0	105.0	0.0	0.0	0.0	34.0	0.0	0.0	0.0	0.0	0.0	0.0	0.0	0.0	0.0	0.0	0.0	0.0
175336	4.0	33.0	23.0	0.0	3.0	10.0	41.0	0.0	7.0	0.0	5.0	3.0	8.0	18.0	6.0	9.0	3.0	0.0	4.0	0.0	0.0	4.0	9.0	18.0	15.0	5.0	11.0	3.0	7.0	7.0	9.0	0.0	0.0	25.0	15.0	0.0	10.0	11.0	0.0	0.0	0.0	0.0	0.0	0.0	0.0
4474760	92.0	34.0	46.0	1.0	53.0	69.0	43.0	1.0	0.0	18.0	180.0	200.0	0.0	0.0	80.0	74.0	0.0	10.0	0.0	19.0	2.0	69.0	0.0	0.0	57.0	69.0	0.0	33.0	66.0	0.0	0.0	0.0	6.0	14.0	65.0	1.0	31.0	41.0	0.0	0.0	0.0	0.0	2.0	0.0	0.0
4304475	33.0	36.0	294.0	123.0	34.0	173.0	33.0	7.0	138.0	20.0	233.0	239.0	46.0	121.0	135.0	9.0	97.0	10.0	147.0	16.0	17.0	157.0	181.0	139.0	31.0	31.0	36.0	47.0	53.0	203.0	11.0	108.0	37.0	98.0	405.0	63.0	799.0	192.0	25.0	112.0	225.0	391.0	108.0	240.0	83.0
4469167	0.0	1.0	0.0	0.0	147.0	2.0	0.0	0.0	0.0	0.0	0.0	0.0	0.0	1.0	0.0	151.0	0.0	0.0	0.0	0.0	0.0	0.0	2.0	0.0	0.0	147.0	1.0	76.0	0.0	0.0	0.0	0.0	26.0	0.0	0.0	0.0	0.0	1.0	0.0	0.0	0.0	0.0	0.0	0.0	0.0
4374204	47.0	64.0	110.0	0.0	45.0	53.0	32.0	5.0	58.0	20.0	35.0	28.0	56.0	50.0	86.0	56.0	47.0	18.0	109.0	33.0	6.0	30.0	31.0	156.0	6.0	15.0	76.0	37.0	3.0	84.0	28.0	0.0	8.0	68.0	68.0	0.0	65.0	15.0	0.0	0.0	1.0	0.0	0.0	1.0	0.0
194667	32.0	18.0	0.0	0.0	33.0	0.0	17.0	0.0	0.0	0.0	0.0	0.0	0.0	0.0	0.0	23.0	0.0	0.0	0.0	0.0	0.0	0.0	0.0	0.0	27.0	31.0	0.0	67.0	2.0	0.0	0.0	0.0	31.0	0.0	0.0	0.0	0.0	0.0	0.0	0.0	0.0	0.0	0.0	0.0	0.0
180606	1.0	1.0	0.0	178.0	0.0	2.0	1.0	1.0	0.0	1.0	0.0	0.0	573.0	999.0	1.0	0.0	0.0	0.0	2.0	0.0	1.0	0.0	1099.0	1.0	0.0	1.0	356.0	0.0	1.0	1.0	156.0	1.0	0.0	1.0	0.0	52.0	2.0	1.0	42.0	146.0	1.0	1.0	83.0	1.0	0.0
4309760	43.0	82.0	0.0	3.0	42.0	0.0	96.0	0.0	0.0	0.0	0.0	0.0	0.0	0.0	0.0	55.0	0.0	0.0	0.0	0.0	0.0	0.0	0.0	0.0	48.0	56.0	0.0	137.0	239.0	0.0	0.0	0.0	46.0	0.0	0.0	5.0	0.0	0.0	1.0	1.0	0.0	0.0	5.0	0.0	0.0
4474255	56.0	54.0	2040.0	4.0	22.0	0.0	73.0	9.0	43.0	26.0	1.0	1.0	0.0	0.0	1.0	24.0	32.0	16.0	35.0	17.0	2.0	1.0	3.0	11.0	48.0	9.0	1.0	37.0	55.0	28.0	2.0	1686.0	20.0	1396.0	2317.0	11.0	1750.0	1342.0	1.0	12.0	1173.0	933.0	7.0	1016.0	1257.0
4301511	0.0	0.0	37.0	0.0	11.0	33.0	0.0	19.0	45.0	22.0	72.0	44.0	0.0	0.0	36.0	8.0	54.0	24.0	58.0	45.0	24.0	50.0	0.0	50.0	0.0	6.0	0.0	13.0	0.0	31.0	0.0	0.0	6.0	17.0	102.0	0.0	22.0	3.0	0.0	0.0	0.0	0.0	0.0	0.0	0.0
180155	34.0	111.0	20.0	4.0	19.0	28.0	68.0	30.0	13.0	25.0	60.0	11.0	67.0	41.0	32.0	19.0	21.0	29.0	29.0	24.0	20.0	44.0	45.0	17.0	72.0	41.0	32.0	31.0	37.0	76.0	35.0	15.0	7.0	9.0	20.0	8.0	26.0	11.0	9.0	16.0	56.0	22.0	9.0	46.0	4.0
180553	92.0	222.0	36.0	0.0	89.0	23.0	179.0	1.0	19.0	0.0	23.0	22.0	232.0	358.0	34.0	71.0	7.0	11.0	11.0	15.0	0.0	23.0	128.0	15.0	49.0	19.0	178.0	27.0	20.0	19.0	115.0	0.0	13.0	23.0	63.0	0.0	23.0	24.0	0.0	1.0	0.0	1.0	0.0	0.0	0.0
180552	555.0	2070.0	1237.0	1.0	179.0	611.0	1110.0	167.0	1.0	215.0	766.0	491.0	0.0	1.0	974.0	207.0	2.0	691.0	3.0	724.0	530.0	352.0	2.0	1.0	339.0	264.0	1.0	256.0	160.0	1.0	0.0	2.0	108.0	185.0	481.0	1.0	565.0	298.0	0.0	6.0	1.0	1.0	1.0	0.0	4.0
194686	55.0	238.0	198.0	220.0	10.0	95.0	241.0	24.0	411.0	69.0	38.0	39.0	47.0	85.0	74.0	8.0	183.0	49.0	108.0	49.0	21.0	84.0	26.0	432.0	96.0	8.0	73.0	3.0	28.0	122.0	19.0	16.0	3.0	280.0	99.0	349.0	126.0	118.0	804.0	395.0	16.0	14.0	396.0	10.0	42.0
3581686	2045.0	866.0	200.0	143.0	167.0	342.0	242.0	0.0	1417.0	0.0	377.0	136.0	88.0	219.0	256.0	333.0	443.0	0.0	310.0	1.0	1.0	114.0	231.0	434.0	597.0	484.0	125.0	258.0	533.0	330.0	22.0	0.0	72.0	340.0	383.0	679.0	237.0	46.0	441.0	1221.0	0.0	2.0	417.0	1.0	1.0
184678	1.0	2.0	0.0	0.0	4.0	1.0	1.0	0.0	4462.0	2.0	0.0	2.0	102.0	41.0	0.0	1.0	8567.0	1.0	5688.0	0.0	3.0	1.0	251.0	3738.0	2.0	1.0	32.0	1.0	2.0	6742.0	77.0	2.0	0.0	2.0	1.0	0.0	2.0	2.0	9.0	13.0	2.0	6.0	0.0	17.0	0.0
4444262	0.0	6.0	0.0	0.0	0.0	0.0	2.0	0.0	24.0	0.0	0.0	0.0	0.0	0.0	0.0	0.0	27.0	0.0	14.0	0.0	0.0	0.0	0.0	28.0	0.0	0.0	0.0	0.0	0.0	4.0	0.0	148.0	0.0	0.0	0.0	0.0	0.0	0.0	0.0	0.0	105.0	128.0	0.0	62.0	346.0
305224	0.0	0.0	0.0	0.0	221.0	0.0	0.0	0.0	0.0	0.0	0.0	0.0	0.0	1.0	0.0	109.0	0.0	0.0	0.0	0.0	2.0	0.0	0.0	0.0	0.0	340.0	0.0	433.0	0.0	0.0	0.0	0.0	179.0	0.0	0.0	0.0	0.0	0.0	0.0	0.0	0.0	0.0	0.0	0.0	0.0
1135084	0.0	2.0	0.0	0.0	1.0	1318.0	0.0	0.0	0.0	1.0	895.0	777.0	0.0	0.0	899.0	0.0	0.0	0.0	0.0	0.0	2.0	899.0	0.0	0.0	1.0	0.0	1.0	0.0	1.0	0.0	0.0	0.0	0.0	11.0	3.0	1.0	0.0	0.0	0.0	3.0	1.0	3.0	0.0	0.0	0.0
178885	166.0	196.0	0.0	1.0	332.0	0.0	279.0	0.0	0.0	0.0	0.0	0.0	0.0	0.0	1.0	145.0	0.0	0.0	0.0	0.0	0.0	0.0	0.0	1.0	112.0	535.0	0.0	309.0	187.0	0.0	0.0	1.0	152.0	2.0	1.0	0.0	0.0	0.0	0.0	1.0	0.0	0.0	0.0	0.0	0.0
184925	92.0	225.0	0.0	1.0	207.0	25.0	259.0	121.0	3.0	4.0	21.0	106.0	0.0	1.0	31.0	53.0	25.0	19.0	37.0	10.0	25.0	19.0	0.0	19.0	94.0	170.0	0.0	222.0	54.0	0.0	0.0	1.0	83.0	0.0	0.0	0.0	0.0	0.0	0.0	0.0	0.0	0.0	0.0	0.0	0.0
198221	3.0	11.0	3.0	3.0	0.0	10.0	3.0	4.0	1.0	10.0	7.0	0.0	16.0	4.0	8.0	0.0	21.0	8.0	9.0	8.0	8.0	5.0	2.0	13.0	3.0	0.0	4.0	2.0	7.0	10.0	8.0	5.0	2.0	3.0	0.0	1.0	16.0	16.0	2.0	5.0	11.0	1.0	4.0	7.0	0.0
178242	59.0	80.0	0.0	0.0	0.0	5.0	81.0	6.0	0.0	5.0	6.0	9.0	0.0	0.0	3.0	0.0	0.0	23.0	0.0	10.0	2.0	6.0	0.0	0.0	61.0	0.0	0.0	0.0	138.0	0.0	0.0	0.0	0.0	0.0	0.0	0.0	0.0	0.0	0.0	0.0	0.0	0.0	0.0	0.0	0.0
2198356	2.0	3.0	13.0	4.0	5.0	11.0	0.0	0.0	4.0	0.0	8.0	10.0	5.0	7.0	5.0	0.0	2.0	1.0	10.0	0.0	1.0	4.0	7.0	4.0	1.0	2.0	2.0	1.0	4.0	9.0	1.0	4.0	2.0	2.0	22.0	3.0	32.0	12.0	2.0	6.0	8.0	16.0	7.0	11.0	5.0
175180	5.0	8.0	0.0	16.0	1.0	0.0	3.0	1.0	0.0	3.0	0.0	1.0	54.0	42.0	0.0	0.0	0.0	31.0	0.0	16.0	3.0	0.0	13.0	0.0	0.0	1.0	40.0	0.0	1.0	0.0	43.0	0.0	0.0	0.0	0.0	7.0	0.0	0.0	18.0	19.0	0.0	0.0	22.0	0.0	0.0
4448492	75.0	132.0	67.0	208.0	166.0	116.0	75.0	58.0	72.0	11.0	75.0	20.0	131.0	124.0	96.0	180.0	28.0	16.0	26.0	13.0	36.0	77.0	48.0	18.0	114.0	110.0	101.0	106.0	106.0	35.0	53.0	792.0	35.0	43.0	51.0	161.0	38.0	20.0	172.0	158.0	401.0	327.0	113.0	282.0	554.0
194258	10.0	33.0	5.0	16.0	18.0	9.0	33.0	2.0	12.0	5.0	11.0	2.0	13.0	5.0	9.0	15.0	27.0	6.0	22.0	8.0	5.0	0.0	15.0	12.0	21.0	19.0	13.0	12.0	46.0	41.0	7.0	0.0	4.0	11.0	30.0	24.0	27.0	10.0	17.0	20.0	0.0	0.0	15.0	0.0	0.0
175761	0.0	0.0	1.0	0.0	1.0	638.0	0.0	0.0	0.0	1.0	640.0	1277.0	0.0	1.0	634.0	0.0	0.0	0.0	0.0	0.0	0.0	360.0	0.0	0.0	0.0	0.0	1.0	0.0	0.0	0.0	0.0	0.0	0.0	9.0	0.0	1.0	1.0	1.0	1.0	5.0	0.0	0.0	2.0	0.0	0.0
2307779	89.0	85.0	5.0	20.0	6.0	0.0	84.0	9.0	74.0	14.0	0.0	0.0	27.0	27.0	0.0	2.0	21.0	7.0	30.0	5.0	3.0	0.0	84.0	20.0	76.0	16.0	10.0	1.0	129.0	34.0	14.0	0.0	2.0	8.0	12.0	34.0	7.0	1.0	10.0	57.0	0.0	0.0	11.0	0.0	0.0
361972	0.0	0.0	7.0	9.0	3.0	7.0	0.0	1.0	1.0	5.0	9.0	3.0	7.0	3.0	9.0	1.0	0.0	5.0	0.0	4.0	0.0	9.0	2.0	2.0	0.0	4.0	5.0	2.0	0.0	1.0	4.0	0.0	0.0	3.0	26.0	28.0	46.0	3.0	8.0	24.0	0.0	0.0	9.0	0.0	0.0
4464173	36.0	40.0	0.0	278.0	295.0	111.0	21.0	6.0	129.0	10.0	96.0	315.0	109.0	449.0	108.0	233.0	35.0	24.0	65.0	16.0	138.0	84.0	881.0	16.0	31.0	352.0	145.0	499.0	30.0	15.0	28.0	37.0	230.0	58.0	192.0	1049.0	6.0	1.0	180.0	371.0	24.0	122.0	525.0	57.0	0.0
232900	1.0	10.0	9.0	0.0	0.0	0.0	8.0	0.0	0.0	2.0	0.0	0.0	68.0	48.0	0.0	0.0	0.0	1.0	0.0	0.0	1.0	1.0	56.0	0.0	8.0	0.0	33.0	0.0	5.0	0.0	26.0	0.0	2.0	4.0	3.0	0.0	4.0	10.0	0.0	1.0	0.0	0.0	0.0	0.0	0.0
4402645	0.0	0.0	135.0	0.0	0.0	0.0	0.0	0.0	0.0	0.0	0.0	0.0	0.0	0.0	0.0	0.0	0.0	0.0	0.0	0.0	0.0	0.0	0.0	0.0	0.0	0.0	0.0	0.0	0.0	0.0	0.0	0.0	0.0	53.0	71.0	0.0	92.0	79.0	0.0	1.0	0.0	0.0	0.0	0.0	0.0
846127	1.0	0.0	1280.0	0.0	2.0	0.0	0.0	0.0	0.0	4.0	0.0	1.0	1.0	1.0	0.0	0.0	0.0	0.0	0.0	1.0	0.0	1.0	2.0	2.0	1.0	0.0	0.0	0.0	0.0	0.0	0.0	0.0	0.0	674.0	1080.0	1.0	1242.0	1252.0	0.0	5.0	0.0	0.0	0.0	0.0	2.0
185034	37.0	46.0	15.0	42.0	27.0	39.0	37.0	22.0	65.0	4.0	31.0	19.0	47.0	12.0	27.0	21.0	24.0	7.0	28.0	0.0	9.0	21.0	1.0	26.0	43.0	16.0	28.0	22.0	40.0	52.0	15.0	0.0	12.0	3.0	21.0	70.0	13.0	21.0	39.0	162.0	0.0	0.0	42.0	0.0	0.0
174818	25.0	16.0	14.0	13.0	10.0	20.0	23.0	6.0	3.0	17.0	17.0	1.0	23.0	9.0	15.0	27.0	10.0	9.0	14.0	12.0	2.0	0.0	11.0	8.0	25.0	18.0	16.0	37.0	23.0	15.0	7.0	0.0	9.0	18.0	23.0	0.0	19.0	7.0	12.0	27.0	11.0	0.0	25.0	7.0	0.0
191913	4.0	6.0	4.0	8.0	2.0	12.0	5.0	0.0	1.0	1.0	11.0	3.0	13.0	8.0	10.0	3.0	5.0	6.0	23.0	4.0	0.0	3.0	0.0	10.0	4.0	1.0	0.0	0.0	2.0	11.0	0.0	0.0	0.0	6.0	14.0	5.0	23.0	4.0	6.0	11.0	0.0	0.0	8.0	0.0	0.0
165489	34.0	275.0	0.0	0.0	0.0	0.0	252.0	10.0	1.0	6.0	1.0	0.0	22.0	80.0	1.0	0.0	3.0	2.0	12.0	4.0	3.0	2.0	21.0	23.0	41.0	2.0	3.0	0.0	22.0	14.0	23.0	5.0	1.0	17.0	11.0	0.0	48.0	1.0	4.0	3.0	6.0	14.0	0.0	0.0	28.0
3424188	83.0	54.0	12.0	10.0	14.0	11.0	14.0	0.0	111.0	0.0	9.0	8.0	3.0	9.0	13.0	15.0	22.0	0.0	34.0	0.0	0.0	3.0	14.0	24.0	24.0	26.0	7.0	19.0	22.0	18.0	3.0	0.0	2.0	15.0	20.0	29.0	5.0	0.0	8.0	63.0	0.0	1.0	26.0	0.0	0.0
177047	7.0	37.0	0.0	19.0	2.0	0.0	7.0	5.0	14.0	9.0	0.0	0.0	0.0	0.0	0.0	1.0	6.0	22.0	13.0	22.0	5.0	0.0	0.0	10.0	16.0	3.0	0.0	2.0	3.0	31.0	0.0	0.0	0.0	1.0	2.0	8.0	1.0	0.0	2.0	7.0	0.0	0.0	12.0	0.0	0.0
4364405	0.0	0.0	0.0	0.0	180.0	64.0	0.0	37.0	72.0	56.0	185.0	110.0	0.0	0.0	65.0	254.0	76.0	102.0	63.0	175.0	19.0	50.0	0.0	25.0	0.0	224.0	0.0	311.0	1.0	29.0	1.0	0.0	130.0	1.0	1.0	1.0	0.0	0.0	0.0	0.0	0.0	0.0	0.0	0.0	0.0
4365130	132.0	142.0	107.0	1.0	143.0	570.0	224.0	18.0	943.0	98.0	770.0	1579.0	0.0	1.0	421.0	302.0	193.0	116.0	364.0	171.0	70.0	1009.0	1.0	251.0	119.0	152.0	0.0	153.0	180.0	764.0	0.0	137.0	79.0	193.0	245.0	0.0	211.0	200.0	1.0	8.0	245.0	637.0	1.0	626.0	260.0
357334	14.0	25.0	62.0	142.0	2.0	14.0	17.0	2.0	15.0	3.0	7.0	7.0	25.0	25.0	22.0	2.0	7.0	35.0	41.0	16.0	7.0	15.0	13.0	58.0	8.0	1.0	17.0	5.0	2.0	31.0	21.0	72.0	2.0	24.0	25.0	68.0	13.0	10.0	279.0	231.0	98.0	20.0	124.0	32.0	46.0
509636	0.0	0.0	1.0	0.0	0.0	0.0	0.0	1.0	0.0	1.0	0.0	0.0	800.0	166.0	1.0	0.0	0.0	3.0	1.0	1.0	7.0	0.0	262.0	1.0	0.0	1.0	341.0	0.0	0.0	0.0	1751.0	0.0	0.0	0.0	0.0	0.0	1.0	0.0	1.0	0.0	1.0	1.0	0.0	0.0	0.0
192462	133.0	105.0	2.0	12.0	27.0	1.0	74.0	3.0	35.0	7.0	2.0	1.0	101.0	161.0	1.0	173.0	28.0	5.0	13.0	3.0	2.0	1.0	31.0	13.0	61.0	22.0	93.0	113.0	75.0	15.0	21.0	0.0	27.0	4.0	6.0	12.0	14.0	19.0	27.0	35.0	0.0	0.0	36.0	0.0	1.0
191483	5.0	2.0	12.0	2.0	10.0	0.0	6.0	1.0	22.0	4.0	0.0	0.0	6.0	8.0	0.0	16.0	7.0	3.0	20.0	0.0	5.0	0.0	7.0	8.0	2.0	11.0	4.0	14.0	5.0	22.0	1.0	0.0	5.0	12.0	38.0	9.0	23.0	16.0	2.0	3.0	1.0	1.0	2.0	0.0	0.0
4415390	0.0	0.0	33.0	0.0	3.0	0.0	0.0	0.0	0.0	0.0	0.0	0.0	0.0	0.0	0.0	1.0	0.0	0.0	0.0	0.0	1.0	0.0	0.0	0.0	0.0	1.0	0.0	0.0	0.0	0.0	0.0	37.0	0.0	24.0	26.0	0.0	34.0	19.0	0.0	0.0	16.0	17.0	0.0	12.0	17.0
2497335	0.0	0.0	87.0	0.0	0.0	97.0	0.0	0.0	280.0	0.0	124.0	284.0	0.0	0.0	72.0	1.0	98.0	0.0	162.0	0.0	0.0	163.0	0.0	172.0	1.0	0.0	1.0	0.0	0.0	137.0	0.0	112.0	0.0	158.0	217.0	0.0	186.0	167.0	1.0	1.0	208.0	568.0	0.0	581.0	213.0
187917	0.0	2.0	709.0	0.0	27.0	115.0	0.0	1.0	0.0	0.0	243.0	265.0	0.0	0.0	124.0	64.0	0.0	0.0	2.0	0.0	0.0	77.0	0.0	0.0	0.0	31.0	0.0	65.0	0.0	1.0	0.0	0.0	21.0	113.0	237.0	0.0	747.0	1191.0	0.0	2.0	0.0	0.0	1.0	2.0	1.0
4412546	1.0	0.0	0.0	90.0	2.0	6.0	4.0	3.0	32.0	0.0	9.0	4.0	0.0	0.0	2.0	6.0	12.0	0.0	9.0	0.0	1.0	13.0	0.0	9.0	1.0	11.0	0.0	11.0	3.0	31.0	0.0	0.0	3.0	0.0	11.0	131.0	1.0	7.0	51.0	98.0	0.0	0.0	69.0	0.0	0.0
4412540	0.0	1.0	0.0	0.0	87.0	54.0	1.0	32.0	0.0	41.0	47.0	126.0	0.0	0.0	39.0	132.0	0.0	79.0	0.0	122.0	11.0	150.0	0.0	0.0	0.0	92.0	0.0	54.0	0.0	0.0	0.0	0.0	27.0	0.0	1.0	1.0	0.0	0.0	0.0	0.0	0.0	0.0	0.0	0.0	1.0
193951	146.0	664.0	244.0	133.0	15.0	89.0	256.0	8.0	13.0	35.0	84.0	34.0	22.0	28.0	133.0	8.0	6.0	68.0	22.0	61.0	11.0	66.0	19.0	30.0	109.0	7.0	33.0	33.0	26.0	32.0	10.0	11.0	13.0	83.0	102.0	81.0	78.0	58.0	181.0	210.0	41.0	31.0	146.0	26.0	54.0
292921	0.0	1.0	0.0	1.0	1.0	1.0	0.0	2086.0	0.0	1642.0	0.0	0.0	56.0	15.0	1.0	0.0	1.0	1756.0	0.0	814.0	1678.0	0.0	29.0	0.0	0.0	3.0	23.0	0.0	1.0	0.0	69.0	1.0	0.0	0.0	0.0	0.0	0.0	0.0	0.0	3.0	0.0	2.0	0.0	0.0	1.0
4451906	1.0	0.0	6.0	31.0	1.0	14.0	0.0	5.0	66.0	16.0	33.0	17.0	20.0	28.0	11.0	15.0	30.0	18.0	44.0	17.0	10.0	17.0	29.0	33.0	0.0	8.0	6.0	21.0	0.0	39.0	10.0	0.0	7.0	2.0	11.0	87.0	6.0	4.0	107.0	68.0	0.0	0.0	40.0	0.0	0.0
2018038	220.0	549.0	285.0	1.0	28.0	1.0	395.0	184.0	98.0	183.0	2.0	0.0	0.0	0.0	1.0	96.0	145.0	135.0	146.0	103.0	290.0	1.0	0.0	71.0	481.0	117.0	0.0	111.0	410.0	170.0	0.0	0.0	32.0	275.0	1020.0	0.0	728.0	217.0	0.0	3.0	0.0	0.0	1.0	0.0	0.0
3943186	9.0	12.0	1.0	0.0	1033.0	84.0	8.0	2.0	1.0	5.0	5.0	41.0	11.0	6.0	55.0	3888.0	0.0	20.0	1.0	11.0	7.0	33.0	1.0	1.0	13.0	2579.0	2.0	5016.0	17.0	2.0	1.0	0.0	1608.0	2.0	6.0	3.0	19.0	12.0	1.0	3.0	1.0	1.0	1.0	0.0	2.0
182089	5.0	15.0	3.0	3.0	0.0	10.0	7.0	6.0	5.0	28.0	11.0	1.0	23.0	7.0	9.0	2.0	13.0	12.0	11.0	11.0	13.0	10.0	2.0	11.0	9.0	2.0	9.0	11.0	6.0	16.0	16.0	2.0	0.0	5.0	0.0	2.0	23.0	7.0	2.0	8.0	7.0	0.0	6.0	5.0	0.0
4357205	9.0	7.0	1.0	27.0	5.0	73.0	5.0	2.0	4.0	2.0	23.0	7.0	3.0	19.0	32.0	2.0	5.0	1.0	10.0	2.0	1.0	50.0	7.0	4.0	6.0	3.0	5.0	6.0	9.0	22.0	0.0	2.0	7.0	5.0	9.0	0.0	16.0	1.0	0.0	14.0	13.0	4.0	9.0	22.0	2.0
192912	4.0	7.0	23.0	15.0	3.0	6.0	1.0	3.0	5.0	11.0	8.0	1.0	8.0	16.0	14.0	2.0	2.0	11.0	6.0	16.0	2.0	8.0	10.0	18.0	3.0	3.0	14.0	4.0	1.0	6.0	4.0	53.0	1.0	13.0	17.0	13.0	7.0	6.0	22.0	29.0	47.0	12.0	18.0	19.0	27.0
182886	57.0	38.0	39.0	31.0	4.0	43.0	17.0	0.0	33.0	9.0	45.0	0.0	13.0	38.0	37.0	8.0	52.0	1.0	53.0	8.0	7.0	17.0	21.0	33.0	17.0	8.0	24.0	8.0	36.0	35.0	3.0	4.0	6.0	56.0	43.0	3.0	27.0	85.0	11.0	29.0	12.0	7.0	27.0	10.0	1.0
4381553	3995.0	4203.0	22.0	4085.0	35.0	9846.0	3343.0	125.0	2177.0	210.0	6339.0	7442.0	4.0	21.0	6344.0	5.0	529.0	104.0	1202.0	124.0	154.0	6643.0	46.0	535.0	3816.0	14.0	12.0	24.0	4621.0	2239.0	3.0	7872.0	7.0	148.0	111.0	2194.0	33.0	12.0	1516.0	5106.0	8817.0	12680.0	4428.0	9632.0	7583.0
216111	17.0	27.0	18.0	36.0	32.0	0.0	19.0	11.0	33.0	2.0	1.0	0.0	31.0	32.0	0.0	38.0	11.0	2.0	5.0	2.0	7.0	0.0	8.0	11.0	39.0	38.0	20.0	12.0	29.0	9.0	16.0	87.0	4.0	21.0	14.0	34.0	15.0	11.0	31.0	21.0	27.0	37.0	33.0	32.0	63.0
4102199	542.0	242.0	59.0	42.0	78.0	107.0	228.0	6.0	135.0	17.0	192.0	198.0	614.0	2976.0	96.0	30.0	101.0	21.0	101.0	17.0	16.0	95.0	1202.0	56.0	419.0	68.0	1177.0	66.0	317.0	71.0	68.0	1.0	9.0	52.0	76.0	14.0	37.0	57.0	9.0	150.0	1.0	0.0	44.0	0.0	0.0
2532173	70.0	128.0	2.0	0.0	100.0	92.0	136.0	10.0	274.0	54.0	13.0	63.0	117.0	99.0	50.0	157.0	217.0	32.0	566.0	28.0	116.0	39.0	280.0	41.0	128.0	252.0	76.0	267.0	326.0	26.0	27.0	1.0	188.0	10.0	19.0	1.0	2.0	4.0	1.0	2.0	0.0	0.0	3.0	0.0	0.0
4465072	0.0	0.0	62.0	0.0	0.0	67.0	0.0	60.0	9.0	51.0	127.0	27.0	162.0	68.0	51.0	0.0	23.0	114.0	15.0	110.0	119.0	129.0	107.0	12.0	0.0	1.0	156.0	1.0	0.0	17.0	109.0	1.0	0.0	18.0	88.0	0.0	113.0	69.0	0.0	3.0	0.0	0.0	0.0	0.0	0.0
359978	7.0	23.0	1.0	12.0	2.0	61.0	4.0	6.0	2.0	16.0	96.0	2.0	48.0	12.0	63.0	3.0	0.0	4.0	1.0	2.0	9.0	59.0	12.0	0.0	6.0	2.0	25.0	3.0	4.0	1.0	21.0	2.0	1.0	15.0	3.0	8.0	3.0	9.0	13.0	16.0	2.0	4.0	26.0	6.0	0.0
4407515	22.0	16.0	0.0	0.0	23.0	0.0	11.0	14.0	0.0	10.0	0.0	0.0	14.0	42.0	0.0	18.0	0.0	5.0	0.0	5.0	11.0	0.0	7.0	0.0	8.0	26.0	16.0	29.0	22.0	0.0	5.0	22.0	9.0	0.0	0.0	0.0	0.0	0.0	0.0	0.0	33.0	28.0	0.0	34.0	18.0
3629859	508.0	537.0	0.0	15.0	41.0	1.0	145.0	0.0	0.0	0.0	0.0	0.0	0.0	0.0	1.0	335.0	0.0	1.0	0.0	0.0	0.0	0.0	0.0	0.0	708.0	137.0	1.0	166.0	300.0	1.0	0.0	13.0	31.0	0.0	1.0	208.0	0.0	1.0	36.0	29.0	10.0	12.0	77.0	0.0	1.0
4479397	131.0	152.0	79.0	378.0	1.0	515.0	138.0	7.0	332.0	6.0	505.0	718.0	0.0	2.0	350.0	0.0	131.0	7.0	136.0	10.0	5.0	498.0	3.0	128.0	126.0	0.0	0.0	0.0	157.0	220.0	0.0	1002.0	0.0	390.0	336.0	570.0	464.0	450.0	228.0	467.0	1689.0	1844.0	414.0	1415.0	936.0
921020	0.0	0.0	0.0	0.0	72.0	0.0	1.0	0.0	0.0	0.0	0.0	0.0	0.0	0.0	0.0	115.0	0.0	0.0	0.0	0.0	0.0	0.0	0.0	0.0	0.0	153.0	0.0	169.0	0.0	0.0	0.0	0.0	66.0	0.0	0.0	1.0	0.0	0.0	0.0	0.0	0.0	0.0	0.0	0.0	0.0
4332078	0.0	0.0	22.0	0.0	33.0	27.0	0.0	5.0	0.0	7.0	18.0	34.0	0.0	0.0	19.0	40.0	0.0	2.0	0.0	4.0	6.0	22.0	0.0	0.0	0.0	44.0	0.0	30.0	0.0	0.0	0.0	0.0	10.0	12.0	51.0	0.0	32.0	24.0	0.0	0.0	0.0	0.0	0.0	0.0	0.0
4355971	55.0	284.0	0.0	0.0	6.0	0.0	76.0	1.0	0.0	1.0	0.0	0.0	0.0	4.0	0.0	2.0	0.0	0.0	1.0	0.0	3.0	0.0	4.0	0.0	9.0	10.0	1.0	2.0	5.0	0.0	0.0	10.0	0.0	0.0	0.0	0.0	0.0	0.0	1.0	4.0	0.0	1.0	1.0	0.0	24.0
4483337	27.0	197.0	103.0	0.0	45.0	194.0	51.0	47.0	406.0	92.0	164.0	69.0	509.0	205.0	199.0	9.0	284.0	89.0	397.0	59.0	66.0	40.0	223.0	650.0	53.0	15.0	164.0	17.0	35.0	346.0	267.0	1836.0	1.0	132.0	39.0	1.0	55.0	70.0	2.0	7.0	1365.0	785.0	2.0	889.0	5245.0
4458306	29.0	139.0	0.0	7.0	0.0	0.0	50.0	1.0	132.0	0.0	0.0	0.0	8.0	20.0	0.0	0.0	126.0	1.0	76.0	1.0	2.0	0.0	14.0	121.0	40.0	1.0	7.0	0.0	9.0	6.0	9.0	19.0	0.0	0.0	1.0	0.0	1.0	0.0	0.0	0.0	5.0	2.0	12.0	1.0	11.0
190984	4.0	14.0	18.0	21.0	3.0	3.0	10.0	1.0	4.0	1.0	1.0	1.0	2.0	7.0	3.0	5.0	5.0	5.0	17.0	10.0	3.0	1.0	3.0	50.0	4.0	2.0	3.0	6.0	0.0	17.0	2.0	7.0	0.0	7.0	9.0	9.0	8.0	0.0	34.0	32.0	46.0	3.0	17.0	12.0	84.0
358843	16.0	16.0	18.0	80.0	0.0	6.0	2.0	1.0	7.0	2.0	6.0	2.0	11.0	21.0	9.0	0.0	3.0	10.0	11.0	10.0	4.0	8.0	4.0	22.0	6.0	1.0	15.0	1.0	4.0	13.0	10.0	54.0	1.0	18.0	4.0	38.0	8.0	4.0	141.0	148.0	45.0	17.0	62.0	20.0	22.0
4345850	31.0	27.0	32.0	68.0	22.0	131.0	20.0	9.0	58.0	7.0	72.0	92.0	20.0	2.0	82.0	17.0	14.0	3.0	33.0	1.0	8.0	79.0	19.0	29.0	23.0	16.0	3.0	42.0	40.0	58.0	5.0	16.0	19.0	14.0	33.0	60.0	51.0	34.0	19.0	78.0	42.0	55.0	64.0	29.0	10.0
186723	0.0	0.0	0.0	0.0	0.0	0.0	0.0	0.0	7.0	1.0	0.0	0.0	4.0	1.0	0.0	0.0	112.0	2.0	63.0	1.0	2.0	1.0	4.0	25.0	0.0	0.0	3.0	0.0	0.0	72.0	5.0	0.0	0.0	0.0	2.0	0.0	3.0	0.0	1.0	0.0	0.0	0.0	0.0	0.0	1.0
180421	22.0	14.0	81.0	0.0	3.0	20.0	18.0	7.0	73.0	22.0	37.0	43.0	0.0	0.0	12.0	10.0	76.0	20.0	59.0	23.0	7.0	22.0	0.0	45.0	21.0	2.0	0.0	9.0	38.0	49.0	0.0	0.0	1.0	59.0	236.0	0.0	88.0	197.0	0.0	1.0	0.0	0.0	0.0	0.0	0.0
4295707	0.0	0.0	1105.0	0.0	1.0	0.0	0.0	0.0	0.0	0.0	0.0	0.0	0.0	0.0	0.0	0.0	0.0	0.0	0.0	0.0	0.0	0.0	0.0	0.0	0.0	0.0	0.0	0.0	0.0	0.0	0.0	1.0	0.0	199.0	334.0	0.0	416.0	322.0	0.0	2.0	0.0	0.0	0.0	0.0	0.0
192589	74.0	113.0	99.0	3.0	16.0	26.0	46.0	16.0	70.0	23.0	17.0	9.0	102.0	142.0	17.0	27.0	51.0	105.0	106.0	75.0	24.0	19.0	101.0	129.0	21.0	17.0	160.0	45.0	12.0	55.0	40.0	238.0	18.0	48.0	88.0	23.0	44.0	21.0	29.0	20.0	371.0	220.0	20.0	165.0	705.0
3409358	46.0	4.0	113.0	0.0	48.0	0.0	23.0	0.0	1.0	1.0	1.0	0.0	1.0	2.0	0.0	15.0	2.0	1.0	3.0	2.0	2.0	0.0	0.0	0.0	6.0	10.0	41.0	16.0	14.0	1.0	0.0	0.0	1.0	73.0	60.0	0.0	84.0	49.0	0.0	1.0	0.0	0.0	0.0	0.0	0.0
321735	20.0	38.0	0.0	0.0	0.0	0.0	276.0	0.0	0.0	0.0	0.0	0.0	0.0	0.0	0.0	0.0	0.0	0.0	0.0	0.0	0.0	0.0	0.0	0.0	51.0	0.0	0.0	0.0	22.0	0.0	0.0	0.0	0.0	0.0	0.0	11.0	1.0	0.0	2.0	7.0	0.0	0.0	1.0	0.0	0.0
3767933	4.0	0.0	163.0	46.0	18.0	55.0	1.0	3.0	25.0	14.0	38.0	41.0	17.0	69.0	98.0	18.0	7.0	29.0	37.0	42.0	18.0	39.0	12.0	42.0	1.0	7.0	9.0	6.0	0.0	30.0	13.0	115.0	1.0	59.0	51.0	20.0	63.0	81.0	26.0	50.0	49.0	33.0	31.0	26.0	95.0
195294	12.0	30.0	9.0	11.0	0.0	18.0	15.0	7.0	38.0	20.0	28.0	18.0	23.0	15.0	21.0	5.0	45.0	38.0	30.0	25.0	34.0	19.0	9.0	29.0	5.0	5.0	10.0	8.0	9.0	33.0	14.0	43.0	0.0	6.0	3.0	18.0	40.0	24.0	25.0	26.0	57.0	12.0	26.0	51.0	22.0
4447188	18.0	7.0	33.0	15.0	5.0	30.0	4.0	1.0	11.0	2.0	35.0	4.0	7.0	38.0	12.0	4.0	43.0	1.0	28.0	1.0	1.0	14.0	25.0	27.0	11.0	8.0	27.0	12.0	16.0	25.0	0.0	4.0	5.0	35.0	60.0	2.0	94.0	82.0	1.0	10.0	6.0	8.0	6.0	13.0	3.0
197624	7.0	9.0	15.0	0.0	4.0	6.0	17.0	0.0	16.0	1.0	13.0	24.0	6.0	16.0	9.0	2.0	6.0	0.0	10.0	2.0	3.0	9.0	9.0	4.0	12.0	0.0	6.0	5.0	15.0	7.0	5.0	0.0	2.0	6.0	9.0	1.0	12.0	12.0	0.0	6.0	0.0	0.0	1.0	0.0	0.0
4458959	7.0	23.0	0.0	23.0	14.0	0.0	8.0	3.0	75.0	0.0	1.0	2.0	1.0	11.0	1.0	6.0	65.0	1.0	23.0	0.0	0.0	1.0	11.0	51.0	7.0	45.0	8.0	16.0	2.0	10.0	1.0	8.0	2.0	0.0	5.0	1.0	0.0	0.0	0.0	1.0	2.0	3.0	21.0	0.0	19.0
174493	16.0	58.0	0.0	12.0	23.0	2.0	39.0	8.0	19.0	10.0	3.0	0.0	4.0	14.0	2.0	36.0	35.0	8.0	20.0	5.0	15.0	2.0	31.0	25.0	30.0	4.0	17.0	42.0	30.0	38.0	6.0	83.0	17.0	0.0	4.0	36.0	1.0	1.0	25.0	20.0	138.0	90.0	25.0	150.0	18.0
194450	0.0	0.0	0.0	0.0	16.0	0.0	0.0	0.0	0.0	0.0	0.0	0.0	22.0	24.0	0.0	17.0	0.0	0.0	0.0	0.0	0.0	0.0	20.0	0.0	0.0	28.0	32.0	24.0	0.0	0.0	7.0	63.0	5.0	0.0	0.0	0.0	0.0	0.0	0.0	0.0	56.0	33.0	0.0	34.0	53.0
4444529	106.0	98.0	681.0	52.0	88.0	0.0	86.0	10.0	513.0	14.0	0.0	2.0	409.0	1420.0	0.0	73.0	187.0	10.0	198.0	23.0	6.0	0.0	600.0	99.0	93.0	105.0	204.0	52.0	164.0	129.0	56.0	1.0	17.0	225.0	393.0	110.0	417.0	1071.0	62.0	205.0	0.0	1.0	105.0	1.0	3.0
178773	0.0	3.0	126.0	0.0	302.0	0.0	4.0	0.0	0.0	0.0	0.0	0.0	0.0	0.0	0.0	228.0	0.0	1.0	1.0	0.0	0.0	0.0	0.0	0.0	1.0	647.0	1.0	250.0	1.0	0.0	0.0	0.0	61.0	87.0	764.0	0.0	165.0	194.0	0.0	0.0	0.0	0.0	0.0	1.0	0.0
3203801	7.0	31.0	0.0	1.0	0.0	55.0	12.0	8.0	7.0	3.0	40.0	19.0	23.0	15.0	42.0	0.0	1.0	3.0	5.0	3.0	5.0	31.0	2.0	7.0	25.0	0.0	32.0	0.0	21.0	4.0	8.0	0.0	0.0	1.0	0.0	0.0	0.0	0.0	1.0	0.0	0.0	0.0	1.0	0.0	0.0
338177	259.0	687.0	2.0	58.0	20.0	462.0	157.0	115.0	223.0	281.0	594.0	318.0	388.0	160.0	643.0	117.0	89.0	604.0	170.0	347.0	211.0	348.0	130.0	171.0	373.0	186.0	212.0	51.0	115.0	164.0	160.0	61.0	22.0	131.0	106.0	23.0	2.0	21.0	132.0	116.0	114.0	19.0	81.0	35.0	51.0
174019	1572.0	1918.0	0.0	0.0	1.0	1.0	919.0	47.0	2452.0	191.0	1.0	3.0	1.0	1.0	2.0	62.0	883.0	230.0	2398.0	235.0	46.0	0.0	3.0	422.0	1460.0	3.0	0.0	23.0	1898.0	892.0	0.0	1.0	4.0	1.0	2.0	0.0	1.0	1.0	0.0	8.0	2.0	2.0	2.0	1.0	1.0
188735	9.0	3.0	9.0	14.0	4.0	44.0	3.0	0.0	3.0	3.0	9.0	4.0	2.0	1.0	23.0	5.0	1.0	0.0	3.0	0.0	1.0	24.0	4.0	1.0	6.0	5.0	1.0	17.0	8.0	16.0	1.0	1.0	4.0	8.0	10.0	0.0	14.0	8.0	0.0	8.0	4.0	2.0	14.0	6.0	0.0
4436046	0.0	0.0	0.0	59.0	0.0	0.0	0.0	0.0	0.0	0.0	0.0	0.0	0.0	0.0	0.0	0.0	0.0	0.0	0.0	0.0	0.0	0.0	0.0	0.0	0.0	0.0	0.0	0.0	0.0	0.0	1.0	49.0	0.0	0.0	0.0	58.0	0.0	0.0	70.0	68.0	26.0	7.0	76.0	1.0	2.0
183030	1.0	0.0	1.0	0.0	0.0	0.0	0.0	0.0	0.0	0.0	0.0	0.0	0.0	15.0	0.0	0.0	0.0	0.0	0.0	0.0	0.0	0.0	33.0	0.0	0.0	0.0	6.0	0.0	0.0	0.0	0.0	0.0	0.0	1.0	389.0	0.0	20.0	0.0	0.0	0.0	0.0	0.0	0.0	0.0	0.0
7366	0.0	0.0	25.0	0.0	15.0	0.0	0.0	0.0	0.0	0.0	0.0	0.0	0.0	0.0	0.0	27.0	0.0	0.0	0.0	0.0	0.0	0.0	0.0	0.0	0.0	26.0	0.0	15.0	0.0	0.0	0.0	0.0	10.0	12.0	42.0	0.0	23.0	42.0	0.0	0.0	0.0	0.0	0.0	0.0	0.0
174831	0.0	0.0	0.0	0.0	0.0	0.0	0.0	4.0	0.0	4.0	0.0	0.0	103.0	15.0	0.0	0.0	0.0	4.0	0.0	4.0	7.0	1.0	35.0	0.0	0.0	0.0	30.0	0.0	0.0	0.0	68.0	0.0	0.0	0.0	0.0	0.0	0.0	0.0	0.0	0.0	0.0	0.0	0.0	0.0	0.0
4468466	194.0	98.0	192.0	0.0	183.0	314.0	328.0	14.0	0.0	51.0	373.0	199.0	0.0	0.0	226.0	342.0	0.0	138.0	0.0	259.0	11.0	271.0	4.0	0.0	107.0	283.0	1.0	90.0	326.0	0.0	0.0	0.0	21.0	84.0	378.0	0.0	159.0	308.0	0.0	1.0	0.0	0.0	1.0	0.0	0.0
195619	12.0	4.0	4.0	1.0	3.0	10.0	10.0	2.0	1.0	4.0	6.0	1.0	17.0	15.0	4.0	3.0	16.0	3.0	4.0	2.0	0.0	4.0	9.0	1.0	12.0	9.0	23.0	10.0	15.0	10.0	6.0	0.0	0.0	1.0	6.0	0.0	8.0	1.0	0.0	1.0	0.0	0.0	2.0	0.0	0.0
197988	6.0	19.0	366.0	0.0	16.0	0.0	13.0	4.0	0.0	51.0	0.0	0.0	60.0	101.0	0.0	13.0	0.0	10.0	0.0	24.0	63.0	1.0	60.0	0.0	17.0	20.0	32.0	6.0	6.0	0.0	19.0	0.0	2.0	133.0	152.0	0.0	159.0	167.0	1.0	0.0	0.0	0.0	0.0	0.0	0.0
4256470	6.0	11.0	62.0	36.0	10.0	38.0	8.0	3.0	21.0	3.0	63.0	64.0	10.0	24.0	29.0	8.0	15.0	2.0	34.0	4.0	2.0	38.0	34.0	25.0	8.0	14.0	12.0	18.0	13.0	61.0	3.0	26.0	24.0	27.0	87.0	15.0	150.0	44.0	13.0	25.0	53.0	101.0	25.0	81.0	31.0
4410166	4.0	5.0	4.0	1.0	2.0	1.0	0.0	10.0	11.0	8.0	3.0	2.0	12346.0	4215.0	5.0	2.0	1.0	10.0	4.0	13.0	30.0	2.0	8612.0	2.0	2.0	9.0	9290.0	5.0	4.0	2.0	10272.0	4.0	1.0	5.0	9.0	2.0	5.0	6.0	0.0	11.0	3.0	10.0	2.0	3.0	6.0
177153	0.0	0.0	1.0	0.0	0.0	0.0	0.0	0.0	0.0	1.0	0.0	0.0	1.0	0.0	0.0	1.0	0.0	467.0	0.0	1061.0	1.0	0.0	0.0	0.0	0.0	5.0	0.0	0.0	0.0	1.0	0.0	0.0	0.0	0.0	0.0	0.0	0.0	0.0	0.0	2.0	0.0	0.0	0.0	0.0	0.0
4436552	5.0	7.0	3.0	2.0	9.0	3.0	2.0	10589.0	6.0	7760.0	0.0	4.0	12118.0	8609.0	7.0	0.0	1.0	7921.0	2.0	3806.0	8067.0	3.0	8044.0	1.0	1.0	32.0	3558.0	6.0	1.0	2.0	9927.0	2.0	0.0	3.0	9.0	10.0	9.0	3.0	2.0	16.0	2.0	6.0	4.0	0.0	9.0
179435	267.0	103.0	12.0	85.0	296.0	171.0	353.0	16.0	764.0	49.0	65.0	186.0	272.0	242.0	126.0	254.0	139.0	42.0	49.0	25.0	80.0	92.0	294.0	26.0	75.0	313.0	127.0	589.0	356.0	3.0	22.0	15.0	254.0	8.0	85.0	278.0	25.0	78.0	37.0	84.0	19.0	130.0	166.0	117.0	2.0
346938	0.0	0.0	0.0	0.0	0.0	1.0	0.0	5.0	0.0	2.0	0.0	0.0	331.0	147.0	0.0	0.0	0.0	4.0	0.0	0.0	5.0	0.0	72.0	0.0	0.0	0.0	140.0	0.0	0.0	0.0	276.0	0.0	0.0	0.0	0.0	0.0	1.0	0.0	0.0	1.0	0.0	1.0	0.0	0.0	0.0
4094259	11.0	4.0	0.0	5.0	13.0	14.0	7.0	4.0	1.0	17.0	6.0	0.0	26.0	18.0	7.0	5.0	2.0	9.0	1.0	4.0	1.0	4.0	17.0	2.0	5.0	7.0	16.0	11.0	4.0	24.0	7.0	6.0	1.0	6.0	0.0	2.0	0.0	0.0	3.0	6.0	13.0	2.0	3.0	3.0	0.0
4459196	1.0	1.0	1.0	3.0	42.0	58.0	0.0	259.0	1.0	494.0	197.0	52.0	37.0	38.0	60.0	44.0	0.0	633.0	3.0	674.0	217.0	20.0	662.0	0.0	0.0	65.0	90.0	50.0	0.0	4.0	25.0	3397.0	23.0	2.0	29.0	1.0	30.0	0.0	1.0	10.0	970.0	1260.0	1.0	387.0	1571.0
295258	10.0	34.0	9.0	0.0	2.0	33.0	13.0	11.0	0.0	39.0	72.0	54.0	0.0	0.0	43.0	2.0	0.0	35.0	0.0	45.0	10.0	15.0	0.0	0.0	9.0	3.0	0.0	3.0	13.0	0.0	0.0	0.0	1.0	19.0	4.0	0.0	8.0	1.0	0.0	0.0	0.0	0.0	0.0	0.0	0.0
4340358	393.0	429.0	2774.0	1221.0	441.0	1906.0	380.0	115.0	1601.0	161.0	2280.0	2601.0	537.0	1312.0	1271.0	153.0	1087.0	102.0	1414.0	120.0	161.0	1656.0	1326.0	1104.0	276.0	408.0	432.0	506.0	451.0	2466.0	109.0	1130.0	555.0	917.0	4308.0	636.0	7510.0	2072.0	261.0	1237.0	2194.0	4139.0	951.0	2712.0	649.0
190641	41.0	267.0	259.0	255.0	30.0	36.0	153.0	17.0	69.0	22.0	22.0	18.0	25.0	48.0	53.0	10.0	37.0	112.0	260.0	158.0	20.0	16.0	21.0	536.0	45.0	24.0	35.0	51.0	11.0	186.0	8.0	137.0	16.0	159.0	120.0	129.0	48.0	21.0	697.0	360.0	717.0	60.0	300.0	130.0	965.0
2137906	0.0	0.0	129.0	83.0	0.0	10.0	0.0	0.0	11.0	0.0	14.0	1.0	4.0	12.0	14.0	0.0	7.0	0.0	4.0	0.0	1.0	5.0	5.0	8.0	0.0	0.0	1.0	0.0	0.0	5.0	2.0	0.0	0.0	48.0	67.0	89.0	48.0	33.0	73.0	140.0	2.0	0.0	64.0	0.0	0.0
146564	0.0	0.0	0.0	0.0	13.0	1.0	0.0	381.0	0.0	247.0	0.0	2.0	0.0	0.0	0.0	20.0	0.0	238.0	0.0	150.0	19.0	0.0	1.0	0.0	0.0	28.0	1.0	18.0	0.0	0.0	0.0	0.0	11.0	0.0	0.0	0.0	0.0	0.0	0.0	0.0	0.0	0.0	0.0	0.0	0.0
341322	8.0	242.0	1.0	0.0	0.0	0.0	112.0	3.0	6.0	1.0	0.0	1.0	0.0	0.0	0.0	0.0	1.0	0.0	1.0	5.0	19.0	0.0	0.0	0.0	31.0	0.0	0.0	0.0	0.0	4.0	0.0	0.0	0.0	0.0	0.0	0.0	2.0	0.0	9.0	1.0	0.0	1.0	0.0	0.0	3.0
4336943	0.0	1.0	926.0	1.0	0.0	0.0	0.0	0.0	63.0	0.0	0.0	0.0	0.0	1.0	1.0	1.0	94.0	0.0	78.0	0.0	0.0	1.0	0.0	11.0	1.0	2.0	0.0	2.0	0.0	21.0	1.0	0.0	0.0	743.0	1462.0	16.0	1653.0	1291.0	7.0	18.0	1.0	3.0	4.0	4.0	1.0
197761	2.0	9.0	2.0	2.0	29.0	3.0	3.0	1.0	0.0	1.0	0.0	0.0	2.0	1.0	6.0	89.0	1.0	0.0	2.0	2.0	3.0	0.0	3.0	1.0	9.0	77.0	2.0	116.0	4.0	4.0	2.0	0.0	39.0	5.0	6.0	6.0	4.0	1.0	2.0	0.0	0.0	0.0	3.0	0.0	0.0
347640	250.0	406.0	742.0	1759.0	25.0	156.0	125.0	31.0	124.0	47.0	200.0	120.0	416.0	435.0	310.0	17.0	118.0	332.0	494.0	253.0	85.0	196.0	136.0	833.0	84.0	21.0	262.0	62.0	49.0	330.0	243.0	1015.0	25.0	362.0	238.0	861.0	276.0	128.0	3978.0	3092.0	1285.0	233.0	1621.0	632.0	565.0
4434334	36.0	171.0	5.0	34.0	9.0	6.0	39.0	13.0	19.0	30.0	8.0	1.0	28.0	58.0	11.0	0.0	4.0	61.0	1.0	64.0	11.0	0.0	57.0	3.0	16.0	32.0	91.0	5.0	16.0	43.0	6.0	111.0	0.0	20.0	84.0	34.0	10.0	21.0	12.0	93.0	15.0	8.0	11.0	1.0	35.0
188127	13.0	58.0	3.0	0.0	1.0	2.0	9.0	1.0	8.0	1.0	3.0	4.0	14.0	1.0	2.0	0.0	4.0	4.0	14.0	3.0	1.0	2.0	7.0	17.0	9.0	1.0	9.0	3.0	1.0	15.0	7.0	15.0	4.0	1.0	4.0	0.0	1.0	0.0	0.0	0.0	16.0	7.0	0.0	7.0	7.0
4397092	5.0	27.0	56.0	0.0	0.0	1.0	1.0	0.0	0.0	0.0	0.0	0.0	0.0	0.0	0.0	0.0	0.0	0.0	0.0	0.0	0.0	0.0	0.0	0.0	12.0	0.0	0.0	0.0	5.0	0.0	0.0	0.0	0.0	21.0	69.0	0.0	28.0	29.0	0.0	0.0	0.0	0.0	0.0	0.0	0.0
2979308	4.0	0.0	51.0	11.0	4.0	3.0	0.0	1.0	4.0	3.0	7.0	18.0	0.0	4.0	8.0	51.0	171.0	4.0	206.0	0.0	2.0	3.0	1.0	351.0	5.0	32.0	1.0	28.0	0.0	4.0	0.0	1.0	14.0	12.0	17.0	2.0	19.0	5.0	2.0	23.0	0.0	0.0	6.0	0.0	0.0
177941	41.0	51.0	108.0	2.0	0.0	0.0	29.0	1.0	3.0	1.0	0.0	0.0	16.0	22.0	0.0	0.0	1.0	12.0	2.0	7.0	3.0	0.0	12.0	6.0	27.0	0.0	3.0	0.0	8.0	8.0	4.0	2.0	0.0	43.0	34.0	1.0	29.0	20.0	0.0	0.0	0.0	0.0	0.0	2.0	0.0
181862	8.0	44.0	38.0	4.0	40.0	139.0	19.0	0.0	0.0	0.0	143.0	89.0	150.0	228.0	104.0	21.0	0.0	0.0	0.0	0.0	0.0	75.0	161.0	0.0	28.0	39.0	54.0	15.0	17.0	0.0	37.0	0.0	6.0	56.0	46.0	8.0	14.0	21.0	7.0	35.0	0.0	0.0	6.0	1.0	0.0
352347	12.0	28.0	6.0	5.0	2.0	4.0	16.0	2.0	3.0	19.0	9.0	2.0	17.0	11.0	5.0	3.0	10.0	16.0	15.0	9.0	12.0	7.0	18.0	5.0	16.0	8.0	12.0	3.0	10.0	16.0	10.0	6.0	0.0	1.0	10.0	13.0	8.0	4.0	11.0	3.0	11.0	4.0	7.0	7.0	0.0
174840	76.0	168.0	1.0	13.0	6.0	92.0	57.0	27.0	14.0	113.0	100.0	0.0	110.0	21.0	80.0	31.0	66.0	113.0	77.0	61.0	61.0	73.0	25.0	61.0	150.0	53.0	57.0	34.0	33.0	79.0	48.0	1.0	5.0	33.0	20.0	4.0	0.0	5.0	21.0	35.0	21.0	2.0	30.0	6.0	0.0
174846	276.0	652.0	9.0	138.0	352.0	12.0	528.0	81.0	262.0	74.0	11.0	9.0	68.0	132.0	14.0	565.0	501.0	118.0	310.0	94.0	179.0	17.0	230.0	215.0	410.0	70.0	185.0	562.0	225.0	455.0	60.0	967.0	146.0	3.0	40.0	401.0	35.0	15.0	350.0	306.0	1997.0	1168.0	293.0	1718.0	176.0
192071	27.0	46.0	152.0	109.0	41.0	59.0	41.0	31.0	59.0	43.0	76.0	41.0	99.0	225.0	133.0	26.0	33.0	140.0	76.0	116.0	50.0	56.0	133.0	154.0	40.0	22.0	136.0	30.0	21.0	100.0	50.0	650.0	13.0	89.0	158.0	127.0	98.0	43.0	271.0	333.0	507.0	194.0	172.0	154.0	327.0
843569	46.0	45.0	0.0	0.0	0.0	24.0	37.0	10.0	0.0	6.0	15.0	10.0	0.0	0.0	22.0	0.0	0.0	6.0	0.0	11.0	23.0	22.0	0.0	0.0	41.0	0.0	0.0	0.0	9.0	0.0	0.0	0.0	0.0	0.0	0.0	0.0	0.0	1.0	0.0	0.0	0.0	0.0	0.0	0.0	0.0
4437362	5.0	8.0	13.0	0.0	15.0	1.0	4.0	0.0	114.0	0.0	0.0	0.0	0.0	0.0	0.0	8.0	18.0	0.0	49.0	0.0	0.0	0.0	0.0	24.0	15.0	6.0	0.0	26.0	11.0	61.0	0.0	0.0	19.0	24.0	19.0	0.0	21.0	21.0	0.0	0.0	0.0	0.0	0.0	1.0	0.0
4396292	46.0	88.0	20.0	25.0	20.0	43.0	64.0	22.0	26.0	14.0	77.0	28.0	87.0	53.0	45.0	11.0	41.0	31.0	67.0	37.0	26.0	58.0	74.0	37.0	61.0	9.0	112.0	23.0	57.0	32.0	34.0	126.0	8.0	20.0	27.0	46.0	27.0	16.0	40.0	48.0	130.0	84.0	20.0	76.0	65.0
4396297	36.0	118.0	13.0	21.0	23.0	36.0	56.0	28.0	99.0	40.0	40.0	31.0	56.0	49.0	30.0	34.0	30.0	38.0	33.0	33.0	36.0	36.0	89.0	26.0	68.0	15.0	31.0	39.0	68.0	53.0	25.0	0.0	10.0	12.0	33.0	22.0	18.0	15.0	20.0	31.0	1.0	0.0	20.0	0.0	0.0
186981	0.0	0.0	1481.0	0.0	1.0	0.0	0.0	0.0	1.0	0.0	0.0	0.0	15.0	38.0	0.0	0.0	1.0	0.0	3.0	0.0	0.0	3.0	13.0	1.0	0.0	2.0	6.0	2.0	1.0	1.0	12.0	0.0	0.0	817.0	2331.0	0.0	2035.0	1596.0	0.0	2.0	0.0	0.0	0.0	1.0	0.0
4375080	23.0	152.0	0.0	14.0	2.0	0.0	165.0	1.0	24.0	0.0	0.0	0.0	7.0	4.0	0.0	5.0	49.0	2.0	155.0	1.0	2.0	0.0	4.0	6.0	61.0	6.0	6.0	4.0	14.0	225.0	38.0	10.0	2.0	0.0	1.0	77.0	0.0	0.0	37.0	8.0	33.0	53.0	73.0	7.0	420.0
4472130	13.0	34.0	3.0	11.0	5.0	34.0	16.0	10.0	119.0	14.0	39.0	23.0	5.0	13.0	30.0	10.0	34.0	10.0	46.0	9.0	10.0	22.0	23.0	38.0	18.0	5.0	6.0	17.0	13.0	81.0	4.0	0.0	2.0	6.0	20.0	15.0	8.0	5.0	16.0	9.0	0.0	0.0	6.0	0.0	0.0
198450	259.0	793.0	601.0	662.0	27.0	93.0	239.0	32.0	81.0	59.0	75.0	41.0	243.0	332.0	106.0	25.0	65.0	240.0	197.0	209.0	66.0	68.0	105.0	342.0	111.0	14.0	248.0	57.0	41.0	171.0	151.0	742.0	36.0	378.0	207.0	327.0	125.0	112.0	2013.0	1361.0	1501.0	158.0	699.0	308.0	1418.0
191238	262.0	497.0	785.0	0.0	71.0	116.0	283.0	39.0	114.0	50.0	80.0	48.0	264.0	401.0	182.0	51.0	49.0	324.0	173.0	435.0	36.0	52.0	171.0	566.0	146.0	37.0	280.0	71.0	35.0	133.0	112.0	0.0	14.0	327.0	393.0	0.0	207.0	63.0	0.0	2.0	1.0	0.0	0.0	1.0	0.0
162623	7.0	26.0	1.0	30.0	1.0	67.0	6.0	8.0	4.0	14.0	77.0	5.0	61.0	6.0	66.0	4.0	1.0	6.0	6.0	7.0	10.0	44.0	9.0	2.0	8.0	5.0	27.0	16.0	5.0	2.0	21.0	0.0	3.0	17.0	5.0	1.0	1.0	4.0	18.0	49.0	0.0	0.0	46.0	5.0	0.0
4458576	27.0	17.0	10.0	0.0	56.0	62.0	10.0	18.0	132.0	31.0	19.0	28.0	0.0	0.0	81.0	60.0	68.0	16.0	92.0	12.0	9.0	58.0	1.0	66.0	33.0	27.0	0.0	57.0	69.0	47.0	0.0	1.0	31.0	3.0	69.0	0.0	71.0	21.0	0.0	0.0	0.0	0.0	0.0	0.0	0.0
294791	11.0	22.0	0.0	19.0	10.0	0.0	9.0	0.0	0.0	0.0	0.0	0.0	0.0	0.0	0.0	2.0	0.0	0.0	0.0	0.0	0.0	0.0	0.0	0.0	3.0	0.0	0.0	1.0	3.0	0.0	0.0	0.0	0.0	0.0	1.0	40.0	0.0	0.0	17.0	98.0	0.0	0.0	27.0	0.0	0.0
230232	4.0	9.0	28.0	40.0	4.0	1.0	7.0	2.0	13.0	10.0	1.0	1.0	23.0	12.0	4.0	1.0	3.0	10.0	21.0	15.0	6.0	2.0	3.0	57.0	1.0	3.0	20.0	3.0	0.0	20.0	7.0	24.0	0.0	17.0	13.0	30.0	5.0	8.0	45.0	59.0	47.0	5.0	72.0	11.0	16.0
4472721	177.0	180.0	68.0	50.0	142.0	137.0	125.0	28.0	258.0	58.0	164.0	151.0	78.0	111.0	99.0	114.0	149.0	42.0	129.0	75.0	68.0	109.0	114.0	51.0	178.0	140.0	70.0	87.0	200.0	138.0	36.0	1.0	45.0	68.0	222.0	54.0	140.0	183.0	18.0	116.0	0.0	1.0	70.0	0.0	0.0
842193	343.0	341.0	0.0	0.0	0.0	0.0	305.0	0.0	0.0	0.0	0.0	0.0	0.0	0.0	0.0	0.0	0.0	0.0	0.0	0.0	0.0	0.0	1.0	0.0	224.0	0.0	0.0	1.0	127.0	1.0	0.0	0.0	0.0	0.0	1.0	0.0	0.0	1.0	0.0	0.0	0.0	0.0	1.0	0.0	0.0
1749079	2256.0	1566.0	3522.0	788.0	4722.0	12.0	1323.0	1353.0	6836.0	1216.0	9.0	20.0	958.0	3913.0	16.0	2446.0	2896.0	637.0	4036.0	954.0	1162.0	11.0	4208.0	2712.0	1310.0	3554.0	1412.0	4592.0	2117.0	6433.0	411.0	13.0	2257.0	4501.0	9224.0	3448.0	7044.0	4694.0	1227.0	889.0	6.0	22.0	1552.0	25.0	25.0
4428676	55.0	127.0	8.0	14.0	4.0	60.0	72.0	2.0	144.0	1.0	38.0	25.0	29.0	45.0	43.0	7.0	84.0	0.0	68.0	0.0	3.0	31.0	69.0	63.0	140.0	11.0	42.0	10.0	171.0	84.0	12.0	0.0	3.0	8.0	26.0	11.0	12.0	6.0	23.0	27.0	0.0	0.0	27.0	0.0	0.0
271013	5.0	53.0	72.0	68.0	14.0	25.0	45.0	6.0	55.0	40.0	26.0	7.0	10.0	109.0	39.0	8.0	23.0	198.0	47.0	267.0	10.0	7.0	18.0	9.0	9.0	6.0	12.0	2.0	0.0	134.0	2.0	18.0	1.0	8.0	24.0	84.0	18.0	0.0	216.0	4.0	1.0	53.0	17.0	14.0	598.0
3236435	33.0	117.0	78.0	67.0	195.0	0.0	39.0	53.0	0.0	152.0	1.0	1.0	128.0	510.0	0.0	156.0	0.0	94.0	1.0	75.0	127.0	1.0	126.0	0.0	116.0	197.0	84.0	122.0	45.0	0.0	38.0	72.0	36.0	44.0	142.0	162.0	307.0	289.0	166.0	203.0	80.0	45.0	110.0	81.0	40.0
189887	10.0	9.0	17.0	4.0	7.0	17.0	10.0	5.0	14.0	10.0	18.0	18.0	7.0	67.0	13.0	5.0	5.0	3.0	6.0	6.0	6.0	12.0	28.0	3.0	6.0	8.0	14.0	5.0	15.0	2.0	6.0	0.0	3.0	3.0	10.0	4.0	13.0	5.0	0.0	4.0	0.0	0.0	4.0	0.0	0.0
4480359	1780.0	647.0	1852.0	247.0	662.0	1578.0	1078.0	429.0	1050.0	1016.0	1312.0	2384.0	1663.0	6175.0	1377.0	379.0	511.0	583.0	561.0	688.0	353.0	1464.0	3042.0	399.0	990.0	920.0	2384.0	662.0	1770.0	574.0	480.0	3.0	214.0	519.0	2036.0	162.0	1162.0	783.0	66.0	448.0	2.0	2.0	234.0	6.0	8.0
4480176	0.0	0.0	0.0	0.0	87.0	0.0	0.0	1.0	0.0	0.0	0.0	0.0	1.0	0.0	0.0	163.0	0.0	0.0	0.0	1.0	0.0	0.0	0.0	0.0	0.0	227.0	0.0	120.0	0.0	0.0	1.0	0.0	58.0	0.0	0.0	0.0	0.0	1.0	0.0	0.0	0.0	0.0	0.0	0.0	0.0
844375	0.0	1.0	420.0	4.0	7.0	3.0	0.0	147.0	1213.0	137.0	1.0	3.0	0.0	2.0	2.0	1.0	464.0	83.0	688.0	119.0	120.0	1.0	1.0	469.0	0.0	3.0	0.0	11.0	5.0	1041.0	0.0	1.0	6.0	553.0	1032.0	1.0	786.0	581.0	1.0	10.0	3.0	5.0	2.0	2.0	1.0
180801	11.0	22.0	8.0	0.0	6.0	4.0	18.0	0.0	3.0	0.0	4.0	4.0	39.0	48.0	5.0	15.0	1.0	0.0	3.0	5.0	0.0	5.0	32.0	4.0	12.0	3.0	20.0	8.0	5.0	3.0	15.0	0.0	0.0	7.0	13.0	0.0	1.0	5.0	0.0	0.0	0.0	0.0	0.0	0.0	1.0
196017	5.0	11.0	2.0	10.0	0.0	6.0	2.0	5.0	8.0	8.0	8.0	3.0	9.0	2.0	4.0	1.0	14.0	11.0	10.0	8.0	8.0	4.0	2.0	16.0	1.0	0.0	3.0	1.0	2.0	8.0	1.0	9.0	2.0	3.0	0.0	5.0	11.0	12.0	11.0	14.0	16.0	5.0	7.0	8.0	4.0
163494	35.0	126.0	11.0	0.0	11.0	3.0	37.0	5.0	10.0	6.0	6.0	2.0	25.0	39.0	8.0	3.0	12.0	19.0	18.0	25.0	3.0	7.0	13.0	41.0	11.0	8.0	45.0	7.0	7.0	10.0	9.0	0.0	6.0	7.0	17.0	0.0	14.0	4.0	0.0	0.0	0.0	0.0	0.0	0.0	0.0
189081	0.0	17.0	0.0	20.0	0.0	5.0	0.0	0.0	2.0	0.0	0.0	0.0	9.0	7.0	9.0	0.0	1.0	2.0	9.0	6.0	2.0	1.0	3.0	21.0	2.0	0.0	3.0	3.0	0.0	12.0	6.0	6.0	2.0	4.0	1.0	10.0	0.0	0.0	43.0	19.0	12.0	2.0	12.0	2.0	92.0
188851	3472.0	3264.0	1.0	3.0	3.0	2.0	1764.0	5.0	4.0	3.0	0.0	6.0	5360.0	8590.0	2.0	2.0	0.0	7.0	4.0	6.0	6.0	0.0	3887.0	3.0	2950.0	2.0	3876.0	1.0	1396.0	0.0	876.0	1.0	1.0	2.0	2.0	1.0	3.0	2.0	1.0	5.0	2.0	5.0	2.0	1.0	3.0
125624	216.0	951.0	0.0	0.0	55.0	0.0	252.0	11.0	84.0	21.0	0.0	1.0	202.0	72.0	0.0	30.0	33.0	26.0	159.0	21.0	27.0	0.0	107.0	280.0	139.0	37.0	129.0	78.0	192.0	223.0	70.0	0.0	27.0	0.0	0.0	1.0	0.0	0.0	0.0	0.0	0.0	0.0	0.0	3.0	0.0
147969	138.0	26.0	295.0	0.0	116.0	0.0	42.0	0.0	2.0	5.0	0.0	0.0	10.0	5.0	0.0	46.0	0.0	5.0	3.0	5.0	4.0	0.0	1.0	2.0	19.0	30.0	128.0	43.0	47.0	7.0	1.0	1.0	13.0	171.0	206.0	0.0	279.0	189.0	0.0	0.0	1.0	0.0	0.0	0.0	0.0
360890	0.0	0.0	71.0	0.0	2.0	2.0	0.0	0.0	0.0	1.0	9.0	9.0	0.0	0.0	1.0	10.0	0.0	7.0	0.0	20.0	0.0	3.0	0.0	0.0	0.0	9.0	0.0	4.0	0.0	0.0	0.0	0.0	1.0	55.0	60.0	0.0	63.0	133.0	0.0	0.0	0.0	1.0	0.0	0.0	0.0
849535	0.0	1.0	1.0	0.0	1.0	0.0	0.0	0.0	0.0	0.0	0.0	0.0	209.0	41.0	0.0	0.0	0.0	0.0	0.0	0.0	2.0	0.0	56.0	1.0	0.0	0.0	90.0	0.0	0.0	0.0	434.0	0.0	0.0	0.0	0.0	0.0	0.0	0.0	0.0	0.0	0.0	0.0	0.0	0.0	0.0
187782	50.0	568.0	85.0	609.0	19.0	220.0	60.0	20.0	105.0	10.0	95.0	71.0	315.0	322.0	297.0	18.0	117.0	106.0	233.0	218.0	55.0	99.0	157.0	903.0	183.0	26.0	224.0	52.0	14.0	343.0	165.0	278.0	33.0	92.0	43.0	503.0	20.0	33.0	1308.0	790.0	520.0	122.0	610.0	141.0	3309.0
179695	36.0	418.0	104.0	39.0	9.0	12.0	334.0	14.0	22.0	13.0	10.0	7.0	27.0	54.0	24.0	5.0	13.0	97.0	78.0	122.0	18.0	12.0	24.0	145.0	96.0	13.0	37.0	15.0	20.0	50.0	8.0	21.0	10.0	64.0	36.0	107.0	26.0	7.0	71.0	71.0	121.0	4.0	38.0	20.0	143.0
3090117	0.0	0.0	48.0	0.0	0.0	0.0	0.0	117.0	8.0	353.0	0.0	0.0	5.0	0.0	0.0	0.0	11.0	197.0	12.0	281.0	218.0	0.0	1.0	7.0	0.0	0.0	0.0	0.0	0.0	12.0	0.0	0.0	0.0	38.0	77.0	0.0	61.0	58.0	0.0	0.0	0.0	0.0	0.0	0.0	0.0
4470870	31.0	9.0	0.0	76.0	0.0	1548.0	10.0	0.0	0.0	0.0	1100.0	1537.0	0.0	0.0	915.0	0.0	0.0	0.0	1.0	0.0	0.0	1250.0	0.0	0.0	17.0	1.0	1.0	0.0	16.0	0.0	0.0	0.0	0.0	18.0	2.0	123.0	0.0	0.0	81.0	213.0	0.0	0.0	139.0	0.0	1.0
291266	0.0	0.0	0.0	0.0	1.0	0.0	0.0	0.0	0.0	0.0	0.0	0.0	0.0	3.0	0.0	208.0	0.0	0.0	0.0	0.0	0.0	0.0	0.0	0.0	0.0	11.0	1.0	208.0	0.0	0.0	1.0	0.0	52.0	0.0	0.0	0.0	0.0	0.0	0.0	0.0	0.0	0.0	0.0	0.0	0.0
174998	115.0	29.0	0.0	79.0	68.0	145.0	48.0	19.0	76.0	85.0	88.0	51.0	169.0	323.0	119.0	37.0	4.0	135.0	5.0	50.0	12.0	52.0	306.0	2.0	27.0	99.0	125.0	50.0	11.0	116.0	65.0	171.0	25.0	27.0	27.0	73.0	12.0	4.0	113.0	150.0	113.0	133.0	38.0	32.0	118.0
34139	8.0	11.0	44.0	0.0	6.0	4.0	10.0	0.0	2.0	1.0	0.0	0.0	6.0	9.0	5.0	3.0	0.0	17.0	3.0	21.0	0.0	1.0	1.0	5.0	6.0	2.0	1.0	2.0	1.0	2.0	3.0	0.0	1.0	22.0	13.0	0.0	23.0	3.0	0.0	0.0	0.0	0.0	0.0	0.0	0.0
229919	0.0	1.0	0.0	0.0	126.0	0.0	0.0	16.0	0.0	5.0	0.0	0.0	0.0	0.0	0.0	20.0	0.0	46.0	0.0	18.0	2.0	0.0	0.0	0.0	0.0	76.0	0.0	24.0	0.0	0.0	0.0	0.0	6.0	0.0	0.0	0.0	0.0	0.0	0.0	0.0	0.0	0.0	0.0	0.0	0.0
180468	35.0	54.0	43.0	12.0	14.0	57.0	51.0	22.0	69.0	76.0	91.0	100.0	102.0	68.0	75.0	9.0	16.0	27.0	38.0	30.0	44.0	41.0	143.0	31.0	29.0	13.0	68.0	8.0	56.0	60.0	34.0	14.0	2.0	79.0	69.0	1.0	58.0	75.0	2.0	6.0	15.0	0.0	11.0	3.0	0.0
354574	1.0	0.0	0.0	34.0	82.0	0.0	0.0	0.0	0.0	0.0	0.0	0.0	0.0	1.0	0.0	93.0	0.0	0.0	0.0	0.0	0.0	0.0	0.0	0.0	0.0	34.0	0.0	18.0	0.0	0.0	0.0	0.0	5.0	0.0	0.0	10.0	0.0	0.0	5.0	22.0	0.0	0.0	30.0	0.0	0.0
350004	21.0	51.0	80.0	189.0	2.0	22.0	11.0	3.0	20.0	6.0	21.0	6.0	52.0	64.0	49.0	0.0	24.0	59.0	57.0	25.0	9.0	21.0	19.0	114.0	13.0	3.0	23.0	4.0	11.0	38.0	37.0	97.0	3.0	40.0	37.0	97.0	49.0	15.0	422.0	374.0	134.0	31.0	182.0	66.0	80.0
2943548	28.0	268.0	48.0	37.0	14.0	1.0	76.0	14.0	14.0	63.0	21.0	10.0	41.0	49.0	8.0	42.0	3.0	66.0	13.0	58.0	16.0	10.0	72.0	20.0	107.0	3.0	27.0	3.0	7.0	15.0	13.0	0.0	4.0	108.0	81.0	27.0	34.0	37.0	31.0	95.0	0.0	0.0	127.0	0.0	1.0
186831	236.0	602.0	24.0	0.0	32.0	32.0	226.0	21.0	110.0	7.0	44.0	51.0	150.0	43.0	45.0	16.0	58.0	57.0	139.0	68.0	36.0	41.0	76.0	202.0	96.0	21.0	162.0	85.0	41.0	160.0	66.0	179.0	41.0	6.0	81.0	1.0	30.0	6.0	1.0	1.0	252.0	140.0	0.0	135.0	72.0
522582	1.0	0.0	0.0	0.0	0.0	0.0	0.0	231.0	0.0	472.0	0.0	1.0	1.0	0.0	1.0	1.0	0.0	441.0	1.0	482.0	443.0	0.0	2.0	0.0	0.0	1.0	0.0	0.0	0.0	0.0	0.0	0.0	0.0	0.0	0.0	0.0	1.0	0.0	0.0	0.0	0.0	0.0	0.0	0.0	0.0
4472399	44.0	666.0	28.0	1.0	6.0	0.0	71.0	3.0	52.0	3.0	0.0	0.0	0.0	0.0	1.0	5.0	45.0	21.0	137.0	28.0	15.0	0.0	0.0	611.0	195.0	11.0	1.0	28.0	12.0	137.0	0.0	79.0	13.0	44.0	9.0	0.0	4.0	4.0	1.0	1.0	231.0	51.0	1.0	81.0	1424.0
36892	0.0	0.0	26.0	0.0	0.0	0.0	0.0	0.0	0.0	0.0	0.0	0.0	0.0	0.0	0.0	0.0	0.0	0.0	0.0	0.0	0.0	0.0	1.0	0.0	0.0	0.0	0.0	0.0	0.0	0.0	0.0	0.0	0.0	1.0	353.0	0.0	10.0	13.0	0.0	0.0	0.0	0.0	0.0	0.0	0.0
193873	110.0	494.0	59.0	26.0	47.0	49.0	235.0	15.0	75.0	28.0	52.0	7.0	192.0	70.0	37.0	57.0	107.0	23.0	99.0	12.0	26.0	3.0	245.0	58.0	362.0	93.0	165.0	55.0	508.0	225.0	85.0	0.0	21.0	75.0	314.0	69.0	181.0	45.0	42.0	75.0	1.0	0.0	50.0	1.0	0.0
3931537	175.0	325.0	150.0	241.0	71.0	82.0	175.0	35.0	45.0	144.0	72.0	110.0	142.0	181.0	119.0	82.0	66.0	90.0	74.0	76.0	26.0	49.0	94.0	89.0	197.0	35.0	97.0	84.0	75.0	53.0	61.0	186.0	19.0	67.0	215.0	227.0	100.0	67.0	293.0	181.0	163.0	194.0	388.0	117.0	83.0
4473509	9.0	24.0	143.0	0.0	17.0	50.0	5.0	11.0	25.0	35.0	98.0	53.0	45.0	58.0	44.0	5.0	29.0	29.0	32.0	20.0	8.0	20.0	30.0	47.0	7.0	16.0	58.0	13.0	9.0	15.0	15.0	34.0	11.0	116.0	61.0	0.0	43.0	119.0	0.0	0.0	16.0	14.0	0.0	15.0	58.0
4428714	1.0	0.0	0.0	0.0	11.0	0.0	0.0	34.0	0.0	37.0	0.0	0.0	0.0	0.0	0.0	22.0	0.0	82.0	0.0	132.0	8.0	0.0	0.0	0.0	0.0	82.0	0.0	7.0	0.0	0.0	0.0	0.0	5.0	0.0	0.0	0.0	0.0	0.0	0.0	0.0	0.0	0.0	0.0	0.0	0.0
4217963	24.0	1.0	0.0	22.0	6.0	45.0	7.0	2.0	0.0	28.0	24.0	0.0	84.0	23.0	34.0	4.0	1.0	23.0	3.0	3.0	2.0	11.0	22.0	2.0	4.0	22.0	18.0	24.0	0.0	9.0	32.0	0.0	3.0	5.0	2.0	1.0	2.0	0.0	12.0	23.0	2.0	0.0	7.0	2.0	0.0
841635	509.0	710.0	1.0	630.0	100.0	292.0	507.0	413.0	1779.0	193.0	383.0	115.0	712.0	1093.0	336.0	106.0	680.0	112.0	777.0	201.0	391.0	334.0	925.0	724.0	745.0	260.0	465.0	168.0	579.0	1035.0	312.0	1.0	83.0	10.0	3.0	1258.0	2.0	1.0	1049.0	745.0	0.0	0.0	679.0	1.0	2.0
298451	0.0	0.0	0.0	1.0	0.0	0.0	0.0	3.0	0.0	1.0	0.0	1.0	304.0	127.0	0.0	0.0	1.0	0.0	0.0	1.0	2.0	0.0	249.0	0.0	0.0	0.0	273.0	0.0	0.0	1.0	261.0	0.0	0.0	2.0	0.0	0.0	1.0	0.0	0.0	1.0	1.0	0.0	0.0	0.0	0.0
198449	4.0	1.0	7.0	8.0	7.0	48.0	2.0	0.0	5.0	3.0	19.0	5.0	2.0	25.0	18.0	1.0	6.0	0.0	19.0	0.0	4.0	46.0	13.0	5.0	3.0	6.0	5.0	12.0	3.0	21.0	0.0	1.0	7.0	2.0	13.0	1.0	22.0	4.0	1.0	4.0	8.0	1.0	2.0	14.0	1.0
161423	22.0	3.0	28.0	1.0	33.0	0.0	9.0	5.0	4.0	21.0	0.0	0.0	11.0	44.0	2.0	15.0	11.0	3.0	24.0	8.0	6.0	0.0	21.0	15.0	5.0	35.0	8.0	48.0	16.0	26.0	0.0	2.0	27.0	51.0	85.0	1.0	168.0	40.0	0.0	5.0	15.0	2.0	2.0	12.0	0.0
194415	185.0	634.0	631.0	1488.0	116.0	756.0	309.0	43.0	435.0	165.0	1036.0	1247.0	476.0	578.0	1129.0	217.0	214.0	542.0	646.0	421.0	94.0	501.0	132.0	648.0	139.0	74.0	250.0	238.0	76.0	331.0	224.0	2.0	124.0	311.0	936.0	1173.0	1291.0	458.0	3702.0	3083.0	2.0	5.0	1056.0	1.0	6.0
4408801	26.0	41.0	26.0	0.0	3.0	81.0	34.0	13.0	44.0	18.0	52.0	11.0	14.0	4.0	33.0	2.0	17.0	10.0	19.0	13.0	16.0	39.0	11.0	31.0	50.0	43.0	15.0	8.0	30.0	22.0	1.0	0.0	5.0	7.0	46.0	0.0	16.0	12.0	0.0	1.0	0.0	0.0	0.0	0.0	0.0
217109	20.0	3.0	12.0	0.0	1.0	9.0	3.0	1.0	0.0	2.0	10.0	8.0	5.0	8.0	12.0	2.0	0.0	2.0	0.0	12.0	0.0	2.0	4.0	0.0	9.0	0.0	5.0	1.0	11.0	0.0	1.0	0.0	0.0	6.0	37.0	0.0	16.0	31.0	0.0	0.0	0.0	0.0	0.0	2.0	0.0
193129	29.0	37.0	0.0	18.0	45.0	0.0	132.0	53.0	34.0	29.0	0.0	0.0	15.0	5.0	0.0	31.0	13.0	6.0	14.0	15.0	4.0	0.0	0.0	10.0	73.0	82.0	1.0	13.0	14.0	11.0	2.0	0.0	2.0	0.0	0.0	9.0	0.0	0.0	3.0	10.0	0.0	0.0	20.0	0.0	0.0
2331530	106.0	44.0	44.0	18.0	8.0	58.0	52.0	15.0	61.0	33.0	44.0	26.0	91.0	147.0	32.0	14.0	62.0	7.0	49.0	9.0	25.0	17.0	103.0	32.0	58.0	17.0	126.0	21.0	64.0	35.0	20.0	22.0	9.0	63.0	86.0	32.0	46.0	156.0	12.0	19.0	16.0	32.0	32.0	21.0	14.0
214031	19.0	17.0	0.0	0.0	13.0	52.0	14.0	4.0	0.0	6.0	55.0	140.0	0.0	0.0	42.0	56.0	0.0	7.0	0.0	7.0	5.0	50.0	0.0	1.0	32.0	23.0	0.0	21.0	18.0	0.0	0.0	0.0	13.0	1.0	1.0	0.0	0.0	0.0	0.0	0.0	0.0	0.0	0.0	0.0	0.0
214036	0.0	0.0	0.0	9.0	9.0	11.0	0.0	4.0	12.0	24.0	10.0	15.0	21.0	20.0	28.0	10.0	6.0	25.0	14.0	81.0	5.0	8.0	10.0	11.0	0.0	3.0	7.0	8.0	0.0	12.0	6.0	0.0	2.0	0.0	0.0	3.0	1.0	0.0	2.0	18.0	0.0	0.0	12.0	0.0	0.0
296052	7.0	10.0	34.0	0.0	0.0	0.0	7.0	0.0	0.0	0.0	0.0	0.0	0.0	0.0	0.0	0.0	0.0	0.0	0.0	0.0	0.0	0.0	0.0	0.0	1.0	0.0	0.0	0.0	3.0	0.0	0.0	83.0	0.0	32.0	10.0	0.0	7.0	5.0	0.0	0.0	226.0	17.0	0.0	45.0	203.0
230578	67.0	72.0	0.0	0.0	0.0	1.0	31.0	0.0	0.0	0.0	0.0	0.0	0.0	0.0	0.0	0.0	0.0	1.0	0.0	0.0	0.0	1.0	0.0	0.0	60.0	0.0	0.0	0.0	41.0	0.0	0.0	0.0	0.0	0.0	0.0	0.0	0.0	0.0	0.0	0.0	0.0	0.0	0.0	0.0	0.0
4289377	9.0	8.0	3.0	27.0	14.0	9.0	8.0	1.0	10.0	3.0	19.0	7.0	14.0	19.0	11.0	11.0	0.0	2.0	12.0	0.0	0.0	10.0	16.0	8.0	6.0	0.0	8.0	1.0	7.0	2.0	2.0	65.0	1.0	4.0	4.0	13.0	0.0	2.0	12.0	53.0	50.0	29.0	22.0	48.0	36.0
4323124	11.0	7.0	4.0	21.0	0.0	147.0	3.0	11.0	82.0	2.0	116.0	150.0	0.0	0.0	83.0	0.0	12.0	8.0	16.0	4.0	8.0	82.0	0.0	23.0	11.0	0.0	0.0	0.0	13.0	50.0	0.0	5.0	0.0	8.0	23.0	14.0	21.0	5.0	3.0	16.0	24.0	48.0	22.0	42.0	7.0
1102370	0.0	0.0	0.0	0.0	40.0	0.0	0.0	9.0	0.0	38.0	0.0	0.0	0.0	0.0	0.0	64.0	0.0	5.0	0.0	4.0	5.0	0.0	0.0	0.0	0.0	42.0	0.0	53.0	0.0	0.0	0.0	0.0	21.0	0.0	0.0	0.0	0.0	0.0	0.0	0.0	0.0	0.0	0.0	0.0	0.0
4472091	16.0	18.0	34.0	8.0	26.0	25.0	3.0	6.0	0.0	28.0	19.0	31.0	51.0	81.0	31.0	33.0	0.0	24.0	1.0	29.0	11.0	24.0	35.0	0.0	16.0	21.0	32.0	20.0	1.0	0.0	20.0	30.0	5.0	36.0	19.0	7.0	22.0	28.0	5.0	33.0	25.0	14.0	8.0	22.0	10.0
193644	1590.0	4846.0	1382.0	1409.0	1917.0	2149.0	3233.0	533.0	1513.0	784.0	1916.0	399.0	1389.0	552.0	1451.0	2533.0	1922.0	743.0	1619.0	633.0	1079.0	209.0	2384.0	1283.0	4079.0	3818.0	1135.0	2245.0	4389.0	3297.0	735.0	8.0	588.0	1391.0	5701.0	3530.0	3824.0	1017.0	2508.0	3147.0	22.0	17.0	2118.0	30.0	6.0
309347	156.0	203.0	18.0	57.0	10.0	211.0	107.0	27.0	15.0	46.0	141.0	168.0	196.0	292.0	183.0	373.0	14.0	64.0	7.0	44.0	22.0	88.0	92.0	3.0	113.0	56.0	154.0	183.0	133.0	5.0	50.0	1.0	54.0	8.0	26.0	50.0	47.0	64.0	179.0	116.0	0.0	0.0	167.0	1.0	0.0
2442706	3.0	5.0	21.0	0.0	2.0	10.0	3.0	1.0	4.0	14.0	8.0	14.0	6.0	20.0	14.0	1.0	0.0	19.0	2.0	9.0	2.0	5.0	4.0	1.0	2.0	4.0	19.0	1.0	1.0	2.0	5.0	0.0	0.0	35.0	2.0	1.0	19.0	12.0	0.0	0.0	0.0	0.0	0.0	0.0	0.0
4451899	17.0	63.0	78.0	0.0	138.0	0.0	21.0	21.0	0.0	20.0	1.0	0.0	0.0	0.0	0.0	110.0	1.0	75.0	0.0	50.0	20.0	1.0	0.0	1.0	7.0	45.0	0.0	57.0	6.0	0.0	0.0	299.0	19.0	89.0	182.0	0.0	32.0	63.0	0.0	0.0	118.0	56.0	0.0	39.0	101.0
176115	11.0	20.0	2.0	10.0	1.0	14.0	18.0	7.0	9.0	34.0	14.0	2.0	32.0	6.0	12.0	3.0	72.0	18.0	38.0	10.0	14.0	6.0	2.0	31.0	11.0	3.0	17.0	10.0	13.0	42.0	12.0	3.0	2.0	3.0	4.0	1.0	34.0	16.0	8.0	15.0	40.0	0.0	13.0	28.0	0.0
4347159	90.0	776.0	505.0	321.0	122.0	0.0	152.0	94.0	200.0	289.0	0.0	1.0	578.0	283.0	0.0	43.0	1952.0	544.0	99.0	957.0	454.0	1.0	70.0	245.0	224.0	100.0	133.0	70.0	6.0	176.0	297.0	120.0	15.0	309.0	105.0	466.0	221.0	211.0	1366.0	794.0	87.0	7.0	1040.0	58.0	57.0
362968	7.0	20.0	12.0	4.0	10.0	7.0	6.0	4.0	3.0	3.0	5.0	0.0	1.0	1.0	1.0	7.0	5.0	3.0	5.0	3.0	3.0	0.0	5.0	11.0	13.0	18.0	2.0	11.0	13.0	10.0	2.0	0.0	5.0	1.0	9.0	8.0	12.0	4.0	8.0	7.0	0.0	0.0	6.0	0.0	0.0
396239	0.0	0.0	0.0	0.0	309.0	0.0	0.0	0.0	0.0	0.0	0.0	0.0	0.0	1.0	0.0	549.0	0.0	0.0	0.0	0.0	0.0	0.0	1.0	0.0	0.0	810.0	0.0	367.0	0.0	0.0	0.0	0.0	135.0	0.0	0.0	0.0	0.0	0.0	0.0	0.0	0.0	0.0	0.0	0.0	1.0
4356080	0.0	0.0	35.0	0.0	0.0	0.0	1.0	2.0	279.0	9.0	0.0	0.0	221.0	520.0	1.0	0.0	185.0	3.0	184.0	6.0	3.0	0.0	387.0	173.0	0.0	1.0	179.0	1.0	1.0	210.0	76.0	0.0	0.0	27.0	35.0	0.0	36.0	38.0	0.0	1.0	0.0	0.0	0.0	0.0	2.0
2997866	0.0	0.0	0.0	0.0	37.0	0.0	0.0	21.0	0.0	47.0	0.0	0.0	0.0	0.0	0.0	240.0	0.0	62.0	0.0	79.0	177.0	0.0	1.0	0.0	0.0	107.0	1.0	91.0	0.0	0.0	0.0	0.0	36.0	0.0	0.0	0.0	0.0	0.0	1.0	0.0	1.0	0.0	0.0	0.0	0.0
185420	212.0	154.0	184.0	79.0	420.0	0.0	219.0	59.0	349.0	104.0	1.0	3.0	181.0	262.0	0.0	443.0	260.0	85.0	104.0	126.0	92.0	0.0	234.0	138.0	228.0	579.0	118.0	337.0	318.0	187.0	57.0	0.0	131.0	73.0	458.0	89.0	389.0	182.0	41.0	136.0	0.0	2.0	113.0	1.0	0.0
4481613	41.0	216.0	225.0	0.0	74.0	0.0	61.0	16.0	57.0	52.0	0.0	0.0	0.0	0.0	0.0	65.0	38.0	89.0	40.0	121.0	32.0	0.0	0.0	67.0	59.0	50.0	0.0	76.0	13.0	44.0	0.0	0.0	19.0	115.0	98.0	0.0	90.0	72.0	0.0	1.0	0.0	0.0	0.0	1.0	0.0
175750	0.0	1.0	37.0	93.0	1.0	3.0	2.0	3.0	2.0	8.0	2.0	0.0	3.0	54.0	1.0	0.0	0.0	8.0	1.0	7.0	15.0	2.0	2.0	1.0	0.0	0.0	6.0	0.0	0.0	0.0	0.0	1045.0	0.0	11.0	8.0	35.0	8.0	13.0	77.0	155.0	267.0	113.0	41.0	114.0	535.0
173876	201.0	0.0	0.0	0.0	454.0	0.0	2.0	10.0	0.0	17.0	0.0	0.0	0.0	0.0	0.0	742.0	0.0	23.0	0.0	20.0	8.0	0.0	0.0	0.0	0.0	418.0	0.0	640.0	1.0	0.0	0.0	0.0	168.0	0.0	0.0	1.0	0.0	0.0	0.0	0.0	0.0	0.0	0.0	0.0	0.0
168289	0.0	1.0	0.0	0.0	0.0	0.0	0.0	14.0	40.0	29.0	0.0	0.0	147.0	0.0	0.0	0.0	26.0	8.0	26.0	8.0	8.0	0.0	0.0	12.0	0.0	0.0	35.0	0.0	0.0	14.0	39.0	0.0	0.0	0.0	0.0	0.0	0.0	0.0	1.0	0.0	0.0	0.0	0.0	0.0	0.0
187780	0.0	0.0	173.0	0.0	0.0	1.0	0.0	0.0	0.0	0.0	0.0	0.0	0.0	0.0	0.0	0.0	0.0	0.0	0.0	0.0	0.0	0.0	0.0	0.0	0.0	0.0	0.0	0.0	0.0	0.0	0.0	0.0	0.0	68.0	278.0	0.0	109.0	22.0	0.0	0.0	0.0	0.0	0.0	0.0	0.0
4318208	0.0	0.0	0.0	0.0	0.0	0.0	0.0	1.0	0.0	0.0	0.0	0.0	72.0	24.0	0.0	0.0	0.0	0.0	0.0	0.0	0.0	0.0	36.0	0.0	0.0	0.0	58.0	0.0	0.0	0.0	41.0	0.0	0.0	0.0	0.0	0.0	0.0	0.0	0.0	0.0	0.0	0.0	0.0	0.0	0.0
189924	21.0	22.0	11.0	2.0	7.0	10.0	19.0	2.0	5.0	17.0	17.0	11.0	2.0	8.0	10.0	21.0	9.0	24.0	6.0	13.0	12.0	7.0	1.0	7.0	21.0	5.0	5.0	12.0	14.0	10.0	0.0	0.0	2.0	8.0	22.0	3.0	22.0	128.0	1.0	3.0	0.0	0.0	1.0	0.0	0.0
157453	0.0	0.0	35.0	13.0	0.0	19.0	0.0	10.0	0.0	28.0	26.0	10.0	0.0	0.0	15.0	0.0	0.0	8.0	0.0	11.0	10.0	24.0	0.0	0.0	0.0	0.0	0.0	0.0	0.0	0.0	0.0	36.0	0.0	59.0	32.0	12.0	23.0	19.0	4.0	21.0	47.0	40.0	10.0	24.0	0.0
199534	57.0	43.0	1.0	0.0	50.0	0.0	57.0	0.0	0.0	0.0	0.0	0.0	0.0	0.0	0.0	75.0	0.0	0.0	0.0	0.0	0.0	0.0	0.0	0.0	73.0	84.0	0.0	48.0	66.0	0.0	0.0	0.0	21.0	0.0	3.0	0.0	4.0	2.0	0.0	0.0	0.0	0.0	0.0	0.0	0.0
291648	33.0	87.0	0.0	0.0	2.0	2.0	74.0	0.0	1.0	0.0	1.0	0.0	2.0	0.0	0.0	1.0	0.0	1.0	0.0	0.0	3.0	0.0	3.0	0.0	61.0	0.0	0.0	1.0	37.0	1.0	0.0	0.0	0.0	1.0	1.0	0.0	0.0	0.0	0.0	0.0	4.0	3.0	1.0	0.0	0.0
189250	941.0	1350.0	206.0	57.0	384.0	712.0	740.0	153.0	433.0	758.0	846.0	373.0	188.0	395.0	855.0	898.0	392.0	898.0	246.0	669.0	444.0	271.0	223.0	306.0	950.0	393.0	139.0	458.0	567.0	219.0	57.0	0.0	120.0	305.0	1008.0	140.0	834.0	533.0	148.0	205.0	2.0	1.0	84.0	2.0	0.0
2617854	227.0	110.0	226.0	17.0	82.0	371.0	182.0	31.0	116.0	25.0	396.0	506.0	0.0	0.0	243.0	54.0	93.0	14.0	80.0	31.0	25.0	373.0	1.0	31.0	161.0	97.0	0.0	47.0	231.0	50.0	0.0	21.0	18.0	26.0	355.0	18.0	115.0	196.0	2.0	17.0	77.0	62.0	11.0	58.0	15.0
177697	15.0	7.0	48.0	0.0	12.0	25.0	10.0	6.0	0.0	12.0	25.0	44.0	0.0	0.0	23.0	10.0	0.0	8.0	0.0	9.0	6.0	19.0	0.0	0.0	8.0	7.0	0.0	3.0	14.0	0.0	0.0	0.0	3.0	12.0	20.0	0.0	13.0	10.0	0.0	0.0	0.0	0.0	0.0	0.0	0.0
3138798	2.0	1.0	1572.0	0.0	1853.0	0.0	0.0	0.0	2.0	0.0	1.0	0.0	1.0	2.0	0.0	1956.0	2.0	0.0	3.0	0.0	0.0	0.0	0.0	0.0	0.0	1736.0	2.0	1226.0	0.0	0.0	0.0	0.0	117.0	1290.0	2290.0	0.0	967.0	2524.0	1.0	7.0	0.0	0.0	0.0	3.0	1.0
358008	22.0	70.0	10.0	6.0	22.0	15.0	33.0	12.0	24.0	14.0	17.0	2.0	30.0	11.0	14.0	18.0	16.0	9.0	18.0	15.0	22.0	8.0	27.0	9.0	58.0	23.0	15.0	30.0	48.0	38.0	15.0	4.0	7.0	2.0	41.0	14.0	30.0	3.0	5.0	9.0	17.0	12.0	14.0	12.0	0.0
320915	0.0	0.0	0.0	0.0	0.0	0.0	0.0	0.0	604.0	0.0	0.0	1.0	0.0	0.0	0.0	0.0	63.0	0.0	259.0	0.0	0.0	0.0	0.0	64.0	0.0	0.0	0.0	0.0	0.0	32.0	0.0	0.0	0.0	0.0	0.0	0.0	0.0	0.0	0.0	1.0	0.0	0.0	0.0	0.0	0.0
593868	7.0	29.0	0.0	0.0	16.0	0.0	2.0	3.0	0.0	14.0	0.0	0.0	0.0	0.0	0.0	27.0	0.0	12.0	0.0	20.0	1.0	0.0	0.0	0.0	80.0	36.0	0.0	30.0	1.0	0.0	0.0	0.0	16.0	0.0	0.0	0.0	0.0	0.0	0.0	0.0	0.0	1.0	0.0	0.0	0.0
177037	13.0	13.0	130.0	31.0	62.0	63.0	7.0	11.0	42.0	16.0	104.0	30.0	24.0	7.0	119.0	36.0	13.0	21.0	35.0	18.0	8.0	86.0	4.0	82.0	3.0	18.0	11.0	69.0	0.0	35.0	4.0	15.0	22.0	48.0	49.0	26.0	29.0	23.0	69.0	59.0	51.0	26.0	122.0	15.0	72.0
177032	11.0	64.0	4.0	31.0	0.0	10.0	12.0	0.0	0.0	1.0	5.0	2.0	0.0	3.0	5.0	4.0	3.0	5.0	3.0	4.0	3.0	7.0	0.0	5.0	8.0	1.0	3.0	7.0	2.0	5.0	2.0	0.0	3.0	2.0	3.0	44.0	2.0	0.0	28.0	64.0	0.0	0.0	67.0	0.0	0.0
192720	1.0	0.0	0.0	0.0	158.0	0.0	0.0	0.0	2.0	0.0	1.0	0.0	195.0	122.0	1.0	184.0	0.0	0.0	0.0	0.0	0.0	0.0	114.0	0.0	1.0	187.0	232.0	202.0	1.0	1.0	83.0	530.0	45.0	0.0	0.0	1.0	0.0	0.0	0.0	4.0	566.0	347.0	0.0	340.0	476.0
181204	7.0	14.0	4.0	2.0	0.0	15.0	10.0	10.0	5.0	30.0	15.0	0.0	21.0	13.0	9.0	4.0	21.0	11.0	21.0	14.0	9.0	9.0	2.0	20.0	13.0	0.0	10.0	6.0	3.0	15.0	15.0	3.0	2.0	1.0	0.0	0.0	17.0	14.0	3.0	7.0	11.0	1.0	5.0	9.0	0.0
1607319	482.0	162.0	1.0	406.0	378.0	763.0	207.0	77.0	372.0	405.0	337.0	262.0	884.0	1716.0	615.0	152.0	14.0	568.0	14.0	268.0	59.0	218.0	1450.0	5.0	101.0	540.0	560.0	257.0	70.0	602.0	345.0	823.0	129.0	121.0	73.0	366.0	50.0	4.0	641.0	625.0	500.0	652.0	200.0	201.0	584.0
17859	5.0	57.0	7.0	37.0	0.0	16.0	43.0	0.0	9.0	2.0	5.0	10.0	1.0	3.0	25.0	0.0	15.0	2.0	41.0	8.0	1.0	12.0	1.0	111.0	15.0	0.0	2.0	0.0	1.0	19.0	2.0	9.0	0.0	1.0	1.0	45.0	1.0	0.0	55.0	43.0	91.0	10.0	25.0	20.0	121.0
176104	26.0	30.0	31.0	0.0	49.0	50.0	35.0	19.0	41.0	15.0	28.0	38.0	34.0	30.0	24.0	50.0	13.0	10.0	11.0	15.0	9.0	27.0	49.0	5.0	36.0	52.0	12.0	33.0	27.0	16.0	4.0	0.0	4.0	5.0	94.0	0.0	52.0	45.0	0.0	1.0	0.0	0.0	0.0	0.0	0.0
327218	43.0	9.0	21.0	3.0	7.0	34.0	12.0	6.0	5.0	33.0	19.0	6.0	44.0	81.0	25.0	5.0	2.0	5.0	5.0	13.0	3.0	26.0	18.0	2.0	21.0	23.0	43.0	8.0	18.0	2.0	9.0	0.0	2.0	12.0	12.0	1.0	13.0	8.0	1.0	4.0	0.0	0.0	4.0	0.0	0.0
2383341	3237.0	3512.0	3542.0	2567.0	798.0	4772.0	3057.0	315.0	10686.0	682.0	5475.0	3354.0	1408.0	4803.0	3295.0	564.0	8212.0	248.0	7151.0	361.0	828.0	1613.0	4403.0	4887.0	2908.0	647.0	2353.0	736.0	3716.0	5946.0	316.0	2329.0	453.0	4771.0	6923.0	3378.0	3875.0	11939.0	1035.0	3145.0	2896.0	4332.0	3904.0	4417.0	2375.0
514257	41.0	15.0	0.0	0.0	24.0	0.0	21.0	0.0	0.0	0.0	0.0	0.0	0.0	0.0	0.0	13.0	0.0	0.0	0.0	0.0	0.0	0.0	0.0	0.0	27.0	34.0	0.0	81.0	1.0	0.0	0.0	0.0	21.0	0.0	0.0	0.0	0.0	0.0	0.0	0.0	0.0	0.0	0.0	0.0	0.0
15728	0.0	5.0	2.0	8.0	5.0	4.0	12.0	1.0	1.0	4.0	1.0	2.0	10.0	23.0	5.0	6.0	4.0	0.0	3.0	3.0	1.0	0.0	14.0	0.0	10.0	4.0	6.0	2.0	4.0	3.0	1.0	9.0	1.0	2.0	2.0	6.0	2.0	0.0	1.0	26.0	10.0	31.0	17.0	4.0	3.0
173863	25.0	31.0	5.0	1.0	5.0	22.0	30.0	2.0	4.0	31.0	23.0	1.0	23.0	25.0	19.0	8.0	8.0	13.0	10.0	12.0	8.0	19.0	3.0	8.0	29.0	6.0	15.0	11.0	22.0	16.0	5.0	1.0	3.0	6.0	13.0	0.0	20.0	13.0	3.0	1.0	8.0	0.0	5.0	2.0	0.0
194353	69.0	281.0	83.0	93.0	9.0	31.0	88.0	1.0	4.0	3.0	35.0	13.0	6.0	10.0	43.0	2.0	3.0	21.0	9.0	25.0	7.0	27.0	9.0	15.0	31.0	4.0	20.0	10.0	8.0	17.0	5.0	9.0	6.0	29.0	48.0	49.0	27.0	20.0	98.0	119.0	17.0	15.0	97.0	7.0	27.0
347690	200.0	131.0	139.0	23.0	0.0	43.0	86.0	21.0	203.0	10.0	35.0	8.0	255.0	711.0	45.0	0.0	50.0	4.0	89.0	1.0	26.0	36.0	410.0	43.0	122.0	1.0	229.0	1.0	113.0	138.0	107.0	0.0	1.0	67.0	33.0	20.0	58.0	10.0	11.0	24.0	0.0	0.0	19.0	1.0	1.0
840279	370.0	283.0	0.0	23.0	0.0	23.0	289.0	0.0	1.0	0.0	16.0	1.0	0.0	0.0	14.0	0.0	0.0	0.0	0.0	0.0	0.0	20.0	0.0	0.0	294.0	0.0	0.0	0.0	340.0	0.0	0.0	0.0	0.0	1.0	1.0	31.0	0.0	0.0	20.0	49.0	0.0	0.0	26.0	0.0	1.0
313593	0.0	2.0	10.0	11.0	1.0	10.0	2.0	3.0	0.0	3.0	17.0	4.0	6.0	7.0	7.0	0.0	0.0	1.0	0.0	0.0	1.0	8.0	8.0	0.0	0.0	0.0	5.0	0.0	1.0	0.0	2.0	1.0	1.0	0.0	3.0	13.0	22.0	13.0	20.0	19.0	0.0	10.0	23.0	13.0	0.0
187178	88.0	68.0	0.0	0.0	1.0	0.0	56.0	127.0	0.0	133.0	0.0	0.0	2.0	2.0	0.0	1.0	0.0	52.0	0.0	89.0	73.0	1.0	0.0	0.0	30.0	4.0	0.0	1.0	83.0	0.0	0.0	1.0	0.0	0.0	0.0	0.0	0.0	0.0	0.0	0.0	1.0	0.0	0.0	0.0	1.0
316732	1413.0	829.0	2.0	146.0	91.0	1.0	251.0	0.0	1.0	0.0	1.0	0.0	37.0	42.0	2.0	353.0	0.0	0.0	0.0	0.0	2.0	2.0	13.0	0.0	1000.0	216.0	29.0	308.0	699.0	1.0	17.0	0.0	92.0	1.0	1.0	730.0	0.0	0.0	134.0	288.0	0.0	1.0	564.0	0.0	1.0
4435655	0.0	0.0	1791.0	0.0	0.0	0.0	0.0	0.0	417.0	0.0	0.0	0.0	0.0	0.0	1.0	0.0	11.0	2.0	4.0	0.0	1.0	0.0	0.0	1.0	0.0	0.0	0.0	0.0	0.0	25.0	0.0	0.0	0.0	0.0	0.0	0.0	106.0	389.0	0.0	0.0	0.0	2.0	0.0	0.0	1.0
4235585	0.0	0.0	0.0	0.0	36.0	0.0	0.0	27.0	0.0	31.0	0.0	0.0	0.0	0.0	0.0	15.0	0.0	9.0	0.0	22.0	28.0	0.0	0.0	0.0	0.0	20.0	0.0	39.0	0.0	0.0	0.0	0.0	17.0	0.0	0.0	0.0	0.0	0.0	0.0	0.0	0.0	0.0	0.0	0.0	0.0
205904	1.0	3.0	11.0	1.0	12.0	1.0	1.0	7.0	17.0	5.0	0.0	0.0	4.0	9.0	0.0	3.0	4.0	1.0	8.0	3.0	7.0	0.0	17.0	4.0	4.0	8.0	4.0	13.0	1.0	21.0	0.0	0.0	3.0	5.0	22.0	7.0	14.0	12.0	1.0	3.0	0.0	1.0	3.0	0.0	0.0
4453609	1638.0	1272.0	1.0	1.0	1385.0	514.0	1503.0	434.0	1878.0	982.0	475.0	554.0	0.0	2.0	370.0	930.0	987.0	513.0	906.0	671.0	546.0	332.0	3.0	547.0	1326.0	1175.0	0.0	721.0	2005.0	1102.0	3.0	4.0	356.0	7.0	3.0	7.0	3.0	0.0	3.0	5.0	1.0	1.0	1.0	3.0	8.0
359872	168.0	125.0	337.0	103.0	204.0	202.0	174.0	39.0	280.0	124.0	294.0	262.0	0.0	0.0	204.0	132.0	248.0	77.0	123.0	61.0	112.0	208.0	1.0	182.0	154.0	103.0	0.0	50.0	176.0	205.0	1.0	92.0	22.0	273.0	329.0	18.0	166.0	236.0	16.0	86.0	347.0	135.0	78.0	322.0	96.0
212532	43.0	11.0	73.0	1.0	63.0	11.0	15.0	0.0	14.0	5.0	16.0	43.0	38.0	35.0	13.0	80.0	7.0	8.0	13.0	22.0	0.0	5.0	38.0	1.0	9.0	100.0	53.0	83.0	19.0	3.0	3.0	0.0	54.0	39.0	140.0	0.0	68.0	43.0	0.0	3.0	0.0	0.0	0.0	1.0	0.0
309929	0.0	1.0	0.0	0.0	9.0	0.0	0.0	18.0	0.0	18.0	0.0	0.0	0.0	0.0	0.0	27.0	0.0	119.0	0.0	51.0	1.0	0.0	0.0	0.0	0.0	49.0	0.0	60.0	0.0	0.0	0.0	0.0	15.0	0.0	0.0	0.0	0.0	0.0	0.0	0.0	0.0	0.0	0.0	0.0	0.0
2740950	1.0	1.0	0.0	0.0	0.0	0.0	0.0	148.0	0.0	86.0	0.0	0.0	0.0	0.0	0.0	31.0	0.0	387.0	0.0	393.0	429.0	0.0	1.0	0.0	0.0	2.0	0.0	9.0	0.0	0.0	0.0	0.0	10.0	0.0	0.0	0.0	0.0	0.0	0.0	0.0	0.0	0.0	0.0	0.0	0.0
403701	0.0	0.0	1.0	284.0	3.0	1096.0	0.0	2.0	2015.0	2.0	1173.0	2307.0	1.0	1.0	1050.0	1.0	1338.0	0.0	617.0	0.0	0.0	891.0	1.0	821.0	0.0	0.0	0.0	0.0	1.0	570.0	0.0	2278.0	0.0	16.0	6.0	305.0	0.0	0.0	100.0	654.0	1942.0	466.0	275.0	1814.0	384.0
181432	0.0	1.0	0.0	0.0	770.0	1.0	0.0	0.0	0.0	0.0	0.0	0.0	0.0	0.0	0.0	1030.0	0.0	0.0	0.0	0.0	1.0	0.0	2.0	0.0	0.0	795.0	0.0	544.0	0.0	0.0	0.0	228.0	246.0	0.0	0.0	0.0	0.0	0.0	0.0	0.0	218.0	305.0	1.0	194.0	233.0
190913	13.0	6.0	21.0	0.0	5.0	30.0	4.0	1.0	0.0	5.0	25.0	3.0	21.0	24.0	26.0	1.0	0.0	1.0	0.0	4.0	2.0	11.0	26.0	1.0	5.0	3.0	10.0	11.0	14.0	0.0	13.0	0.0	3.0	28.0	35.0	0.0	57.0	53.0	0.0	0.0	0.0	0.0	0.0	0.0	0.0
1943669	430.0	984.0	10.0	256.0	490.0	18.0	774.0	119.0	410.0	95.0	18.0	7.0	122.0	200.0	20.0	847.0	705.0	136.0	472.0	90.0	219.0	36.0	355.0	328.0	565.0	111.0	256.0	790.0	340.0	676.0	68.0	1352.0	230.0	3.0	46.0	633.0	43.0	25.0	503.0	419.0	2826.0	1794.0	396.0	2727.0	216.0
4453773	429.0	218.0	0.0	0.0	0.0	1.0	465.0	0.0	0.0	0.0	0.0	0.0	0.0	0.0	0.0	0.0	0.0	0.0	0.0	0.0	1.0	1.0	0.0	1.0	303.0	0.0	0.0	0.0	809.0	0.0	0.0	0.0	0.0	0.0	0.0	0.0	0.0	0.0	0.0	1.0	0.0	0.0	0.0	0.0	0.0
312882	5.0	7.0	31.0	4.0	2.0	15.0	8.0	0.0	4.0	5.0	13.0	17.0	15.0	26.0	23.0	1.0	2.0	3.0	0.0	11.0	7.0	9.0	11.0	0.0	3.0	4.0	31.0	2.0	3.0	0.0	2.0	0.0	0.0	15.0	22.0	0.0	19.0	18.0	3.0	1.0	0.0	0.0	3.0	0.0	1.0
4456027	8.0	5.0	0.0	0.0	1.0	69.0	17.0	18.0	23.0	61.0	28.0	19.0	109.0	578.0	72.0	0.0	21.0	27.0	49.0	32.0	11.0	6.0	250.0	15.0	7.0	0.0	174.0	1.0	18.0	27.0	29.0	82.0	0.0	2.0	0.0	0.0	1.0	0.0	0.0	0.0	46.0	37.0	0.0	44.0	25.0
194297	0.0	0.0	0.0	9.0	10.0	0.0	0.0	0.0	0.0	0.0	0.0	0.0	29.0	18.0	0.0	7.0	0.0	0.0	0.0	0.0	0.0	0.0	7.0	0.0	0.0	19.0	42.0	25.0	0.0	0.0	4.0	0.0	7.0	0.0	0.0	64.0	0.0	0.0	28.0	5.0	0.0	0.0	76.0	0.0	0.0
162491	0.0	0.0	0.0	0.0	3.0	0.0	0.0	0.0	32.0	0.0	1.0	0.0	0.0	0.0	0.0	44.0	45.0	0.0	38.0	0.0	0.0	0.0	0.0	24.0	0.0	24.0	0.0	117.0	0.0	7.0	0.0	0.0	81.0	0.0	0.0	0.0	0.0	0.0	0.0	0.0	0.0	0.0	0.0	0.0	0.0
329798	34.0	71.0	0.0	0.0	0.0	0.0	74.0	3.0	0.0	6.0	0.0	0.0	10.0	2.0	1.0	0.0	0.0	1.0	0.0	2.0	6.0	0.0	1.0	0.0	35.0	0.0	4.0	0.0	70.0	0.0	2.0	0.0	0.0	0.0	0.0	0.0	0.0	0.0	0.0	0.0	0.0	1.0	0.0	0.0	0.0
4359216	36.0	83.0	17.0	2.0	20.0	17.0	65.0	22.0	19.0	22.0	34.0	13.0	55.0	36.0	21.0	22.0	29.0	23.0	26.0	23.0	30.0	37.0	73.0	22.0	51.0	29.0	23.0	27.0	37.0	47.0	17.0	16.0	4.0	2.0	12.0	9.0	21.0	5.0	8.0	13.0	58.0	13.0	7.0	37.0	7.0
173851	1.0	1.0	27.0	0.0	1.0	0.0	0.0	0.0	126.0	0.0	0.0	0.0	0.0	0.0	0.0	0.0	16.0	0.0	115.0	0.0	0.0	1.0	0.0	258.0	0.0	0.0	0.0	0.0	0.0	34.0	0.0	275.0	0.0	46.0	7.0	0.0	42.0	24.0	0.0	2.0	720.0	125.0	1.0	383.0	1427.0
4316391	2.0	6.0	0.0	3.0	8.0	2.0	2.0	1.0	66.0	0.0	1.0	2.0	0.0	0.0	0.0	3.0	66.0	1.0	20.0	0.0	0.0	0.0	3.0	70.0	1.0	10.0	0.0	3.0	0.0	3.0	1.0	10.0	0.0	3.0	26.0	0.0	0.0	0.0	0.0	0.0	0.0	1.0	8.0	0.0	10.0
4483963	0.0	0.0	0.0	0.0	1026.0	0.0	0.0	486.0	0.0	764.0	0.0	2.0	0.0	0.0	1.0	547.0	0.0	306.0	2.0	414.0	904.0	0.0	0.0	0.0	0.0	785.0	0.0	930.0	0.0	0.0	0.0	0.0	461.0	0.0	2.0	1.0	0.0	0.0	0.0	1.0	0.0	1.0	0.0	0.0	0.0
269386	0.0	0.0	0.0	0.0	244.0	0.0	0.0	0.0	0.0	0.0	0.0	0.0	0.0	0.0	0.0	238.0	0.0	0.0	1.0	0.0	0.0	0.0	0.0	0.0	0.0	273.0	0.0	168.0	1.0	0.0	0.0	0.0	32.0	0.0	0.0	0.0	0.0	0.0	0.0	0.0	0.0	0.0	0.0	0.0	0.0
288651	0.0	0.0	142.0	0.0	55.0	43.0	0.0	0.0	0.0	0.0	43.0	32.0	0.0	0.0	44.0	55.0	0.0	0.0	0.0	0.0	0.0	47.0	0.0	0.0	0.0	31.0	0.0	68.0	0.0	0.0	0.0	0.0	21.0	191.0	299.0	0.0	114.0	47.0	0.0	0.0	0.0	0.0	0.0	0.0	0.0
4372973	171.0	129.0	1.0	1.0	34.0	274.0	282.0	131.0	134.0	69.0	207.0	595.0	1.0	1.0	196.0	15.0	138.0	39.0	90.0	47.0	27.0	524.0	0.0	112.0	296.0	117.0	0.0	41.0	241.0	141.0	0.0	1.0	4.0	5.0	1.0	9.0	1.0	0.0	0.0	9.0	0.0	0.0	5.0	0.0	0.0
4428929	378.0	320.0	1.0	0.0	633.0	0.0	254.0	147.0	1.0	143.0	0.0	0.0	119.0	816.0	1.0	562.0	2.0	63.0	0.0	92.0	86.0	1.0	282.0	2.0	196.0	597.0	222.0	425.0	454.0	2.0	37.0	1971.0	209.0	0.0	1.0	0.0	1.0	0.0	1.0	4.0	2200.0	2686.0	1.0	2118.0	1542.0
182861	4.0	56.0	3.0	0.0	1.0	0.0	17.0	10.0	16.0	0.0	0.0	0.0	6.0	6.0	0.0	5.0	0.0	23.0	7.0	17.0	5.0	0.0	14.0	2.0	1.0	2.0	2.0	0.0	0.0	21.0	10.0	0.0	0.0	1.0	9.0	1.0	3.0	3.0	2.0	9.0	1.0	4.0	0.0	2.0	8.0
4468891	118.0	355.0	64.0	530.0	47.0	0.0	40.0	29.0	120.0	163.0	1.0	0.0	250.0	347.0	0.0	64.0	115.0	202.0	146.0	248.0	96.0	0.0	69.0	87.0	146.0	65.0	139.0	169.0	14.0	275.0	76.0	0.0	49.0	29.0	61.0	153.0	40.0	41.0	732.0	1368.0	1.0	0.0	302.0	0.0	1.0
194758	2.0	18.0	1.0	7.0	0.0	7.0	2.0	0.0	1.0	1.0	2.0	2.0	11.0	6.0	12.0	0.0	4.0	5.0	8.0	6.0	0.0	5.0	5.0	28.0	2.0	1.0	1.0	0.0	0.0	7.0	9.0	9.0	0.0	3.0	2.0	10.0	3.0	1.0	45.0	28.0	15.0	6.0	14.0	7.0	128.0
3235048	877.0	1.0	0.0	0.0	0.0	0.0	1.0	128.0	0.0	449.0	0.0	0.0	546.0	1202.0	0.0	0.0	0.0	601.0	0.0	455.0	13.0	0.0	596.0	0.0	0.0	1.0	445.0	1.0	1.0	0.0	42.0	1.0	0.0	0.0	0.0	0.0	0.0	0.0	0.0	1.0	0.0	0.0	0.0	0.0	0.0
176752	0.0	0.0	17.0	136.0	9.0	2.0	0.0	32.0	127.0	20.0	5.0	5.0	16.0	83.0	2.0	7.0	24.0	222.0	83.0	111.0	0.0	4.0	24.0	104.0	0.0	4.0	19.0	8.0	0.0	147.0	12.0	0.0	3.0	9.0	22.0	86.0	5.0	12.0	244.0	206.0	0.0	0.0	76.0	0.0	0.0
193233	21.0	10.0	26.0	25.0	3.0	117.0	7.0	0.0	12.0	2.0	60.0	2.0	19.0	47.0	49.0	1.0	34.0	1.0	43.0	1.0	0.0	45.0	25.0	34.0	12.0	3.0	26.0	7.0	16.0	41.0	1.0	2.0	2.0	66.0	66.0	2.0	105.0	132.0	2.0	13.0	7.0	3.0	19.0	22.0	1.0
193235	1.0	1.0	9.0	6.0	0.0	4.0	2.0	0.0	2.0	5.0	5.0	2.0	6.0	17.0	4.0	1.0	1.0	7.0	4.0	4.0	3.0	2.0	4.0	7.0	2.0	3.0	4.0	2.0	3.0	3.0	3.0	38.0	0.0	1.0	8.0	4.0	2.0	0.0	7.0	15.0	22.0	11.0	9.0	6.0	22.0
308333	18.0	74.0	10.0	9.0	12.0	8.0	37.0	15.0	5.0	20.0	12.0	7.0	234.0	179.0	10.0	10.0	8.0	32.0	13.0	15.0	24.0	25.0	322.0	5.0	42.0	17.0	122.0	9.0	23.0	19.0	109.0	11.0	3.0	2.0	20.0	33.0	21.0	6.0	35.0	20.0	23.0	11.0	15.0	8.0	1.0
4425663	7.0	238.0	1.0	0.0	0.0	0.0	64.0	0.0	0.0	0.0	0.0	0.0	0.0	0.0	1.0	0.0	0.0	0.0	0.0	0.0	0.0	1.0	1.0	1.0	612.0	0.0	1.0	0.0	375.0	0.0	0.0	0.0	0.0	0.0	0.0	1.0	0.0	0.0	0.0	0.0	0.0	0.0	0.0	0.0	1.0
266274	1.0	1.0	1656.0	0.0	66.0	2.0	0.0	213.0	1.0	690.0	2.0	1.0	2.0	2.0	3.0	40.0	0.0	455.0	1.0	513.0	313.0	3.0	0.0	0.0	0.0	39.0	3.0	26.0	0.0	0.0	2.0	0.0	8.0	1138.0	2133.0	0.0	1283.0	1466.0	0.0	2.0	2.0	0.0	1.0	2.0	1.0
1952	530.0	406.0	2.0	0.0	274.0	838.0	393.0	27.0	2.0	149.0	650.0	560.0	622.0	607.0	523.0	275.0	1.0	76.0	2.0	105.0	134.0	235.0	886.0	1.0	264.0	316.0	216.0	339.0	434.0	0.0	200.0	1.0	161.0	15.0	1.0	2.0	0.0	1.0	0.0	0.0	1.0	0.0	1.0	1.0	0.0
181174	1.0	2.0	13.0	1.0	11.0	22.0	0.0	4.0	0.0	5.0	19.0	69.0	4.0	16.0	22.0	36.0	0.0	2.0	0.0	9.0	4.0	22.0	3.0	0.0	0.0	14.0	8.0	14.0	0.0	0.0	0.0	0.0	7.0	20.0	25.0	2.0	11.0	13.0	0.0	2.0	0.0	0.0	0.0	0.0	0.0
4393532	1.0	0.0	1.0	16.0	0.0	9.0	1.0	1.0	5.0	0.0	23.0	4.0	2.0	5.0	26.0	0.0	8.0	0.0	12.0	6.0	0.0	12.0	3.0	20.0	1.0	0.0	4.0	0.0	0.0	15.0	1.0	60.0	0.0	1.0	1.0	10.0	1.0	0.0	7.0	13.0	78.0	21.0	23.0	49.0	18.0
846798	12.0	16.0	19.0	0.0	0.0	10.0	7.0	0.0	36.0	0.0	8.0	13.0	0.0	0.0	11.0	0.0	10.0	0.0	12.0	0.0	0.0	17.0	0.0	13.0	11.0	0.0	0.0	0.0	9.0	26.0	0.0	0.0	1.0	3.0	12.0	0.0	15.0	9.0	0.0	0.0	0.0	0.0	0.0	0.0	0.0
120281	10.0	64.0	4.0	0.0	9.0	0.0	17.0	0.0	0.0	0.0	0.0	0.0	0.0	0.0	0.0	8.0	0.0	1.0	0.0	0.0	0.0	0.0	0.0	0.0	7.0	4.0	0.0	34.0	4.0	0.0	0.0	221.0	11.0	5.0	17.0	0.0	3.0	1.0	0.0	1.0	317.0	270.0	0.0	115.0	507.0
1803030	52.0	104.0	76.0	0.0	16.0	38.0	53.0	4.0	143.0	25.0	39.0	46.0	71.0	116.0	62.0	24.0	46.0	43.0	89.0	62.0	19.0	28.0	65.0	157.0	66.0	15.0	112.0	24.0	18.0	74.0	34.0	0.0	6.0	23.0	83.0	0.0	55.0	45.0	0.0	1.0	1.0	1.0	1.0	0.0	0.0
311947	20.0	63.0	5.0	26.0	1.0	0.0	14.0	1.0	0.0	0.0	0.0	0.0	169.0	644.0	0.0	0.0	0.0	0.0	0.0	0.0	1.0	0.0	146.0	0.0	49.0	0.0	100.0	0.0	21.0	0.0	49.0	0.0	0.0	2.0	16.0	50.0	41.0	41.0	70.0	82.0	0.0	0.0	41.0	0.0	0.0
2280817	3.0	5.0	1.0	2.0	3.0	2.0	2.0	1499.0	0.0	946.0	2.0	4.0	1564.0	1092.0	2.0	1.0	0.0	994.0	3.0	516.0	1046.0	0.0	1060.0	0.0	2.0	5.0	509.0	5.0	2.0	1.0	1422.0	2.0	0.0	2.0	4.0	1.0	5.0	1.0	0.0	6.0	1.0	4.0	1.0	1.0	3.0
190453	0.0	0.0	0.0	0.0	13.0	83.0	0.0	0.0	0.0	0.0	62.0	52.0	76.0	274.0	70.0	8.0	0.0	0.0	0.0	0.0	0.0	72.0	54.0	0.0	1.0	15.0	66.0	1.0	0.0	0.0	23.0	0.0	2.0	2.0	0.0	0.0	0.0	0.0	0.0	1.0	0.0	0.0	0.0	0.0	0.0
190639	0.0	0.0	49.0	0.0	8.0	0.0	0.0	0.0	0.0	0.0	0.0	0.0	19.0	37.0	0.0	2.0	0.0	0.0	0.0	1.0	0.0	0.0	48.0	0.0	0.0	13.0	18.0	5.0	0.0	0.0	10.0	0.0	7.0	31.0	82.0	0.0	77.0	65.0	0.0	0.0	0.0	0.0	0.0	0.0	0.0
182073	185.0	764.0	0.0	0.0	42.0	0.0	350.0	0.0	652.0	0.0	2.0	1.0	0.0	1.0	2.0	20.0	104.0	1.0	390.0	1.0	3.0	2.0	1.0	330.0	252.0	53.0	0.0	152.0	24.0	416.0	1.0	821.0	79.0	0.0	0.0	1.0	0.0	1.0	1.0	3.0	782.0	759.0	0.0	309.0	602.0
772282	250.0	178.0	1.0	0.0	0.0	0.0	233.0	0.0	0.0	0.0	0.0	0.0	0.0	1.0	1.0	1.0	1.0	0.0	0.0	0.0	0.0	0.0	0.0	0.0	214.0	1.0	0.0	0.0	346.0	0.0	0.0	0.0	0.0	0.0	1.0	0.0	1.0	0.0	0.0	2.0	0.0	0.0	0.0	0.0	0.0
113761	0.0	0.0	1.0	0.0	397.0	258.0	0.0	150.0	0.0	240.0	213.0	707.0	0.0	0.0	227.0	687.0	0.0	380.0	0.0	719.0	69.0	827.0	0.0	0.0	0.0	397.0	0.0	292.0	0.0	0.0	0.0	0.0	110.0	2.0	3.0	0.0	1.0	0.0	0.0	1.0	0.0	0.0	0.0	0.0	1.0
2688035	5.0	1.0	0.0	9.0	6.0	8.0	8.0	0.0	2.0	1.0	3.0	1.0	20.0	3.0	17.0	16.0	1.0	0.0	3.0	3.0	3.0	3.0	5.0	0.0	3.0	23.0	7.0	69.0	2.0	0.0	3.0	0.0	15.0	3.0	2.0	1.0	1.0	2.0	2.0	8.0	0.0	0.0	33.0	0.0	0.0
175789	9.0	7.0	0.0	5.0	3.0	0.0	10.0	0.0	8.0	3.0	2.0	0.0	5.0	4.0	0.0	12.0	11.0	4.0	9.0	0.0	3.0	0.0	4.0	5.0	4.0	2.0	6.0	10.0	2.0	9.0	3.0	14.0	2.0	0.0	2.0	9.0	1.0	1.0	7.0	2.0	34.0	27.0	1.0	31.0	6.0
48084	376.0	546.0	0.0	225.0	61.0	343.0	136.0	98.0	234.0	144.0	322.0	357.0	0.0	0.0	330.0	59.0	236.0	374.0	615.0	266.0	60.0	345.0	1.0	380.0	723.0	138.0	0.0	40.0	394.0	440.0	0.0	2.0	21.0	9.0	0.0	59.0	1.0	1.0	32.0	298.0	1.0	0.0	53.0	1.0	0.0
315846	1.0	0.0	0.0	0.0	134.0	0.0	0.0	0.0	0.0	0.0	0.0	0.0	0.0	0.0	0.0	73.0	0.0	0.0	0.0	0.0	0.0	0.0	0.0	0.0	0.0	135.0	0.0	105.0	0.0	0.0	0.0	0.0	41.0	0.0	0.0	0.0	0.0	0.0	0.0	0.0	0.0	0.0	1.0	0.0	0.0
1889556	23.0	10.0	15.0	9.0	0.0	22.0	10.0	3.0	30.0	0.0	12.0	9.0	5.0	18.0	15.0	4.0	13.0	3.0	25.0	1.0	3.0	6.0	11.0	14.0	3.0	1.0	6.0	1.0	9.0	14.0	1.0	6.0	1.0	6.0	23.0	9.0	8.0	22.0	4.0	9.0	5.0	19.0	13.0	9.0	12.0
192963	0.0	2.0	0.0	0.0	0.0	876.0	0.0	0.0	0.0	0.0	1216.0	5262.0	0.0	0.0	491.0	0.0	0.0	1.0	1.0	0.0	0.0	565.0	0.0	0.0	0.0	0.0	0.0	0.0	0.0	0.0	0.0	1.0	0.0	6.0	1.0	0.0	1.0	0.0	0.0	0.0	0.0	1.0	0.0	0.0	0.0
4477861	0.0	0.0	1.0	0.0	112.0	0.0	0.0	26.0	1860.0	24.0	0.0	2.0	1.0	0.0	0.0	56.0	562.0	15.0	745.0	22.0	53.0	1.0	1.0	414.0	0.0	121.0	0.0	72.0	0.0	514.0	0.0	1.0	87.0	0.0	2.0	0.0	0.0	2.0	1.0	3.0	0.0	3.0	1.0	2.0	0.0
194921	4.0	25.0	3.0	11.0	0.0	1.0	2.0	0.0	7.0	0.0	0.0	0.0	4.0	1.0	2.0	1.0	0.0	0.0	7.0	5.0	1.0	4.0	2.0	29.0	7.0	1.0	4.0	2.0	0.0	6.0	3.0	4.0	1.0	1.0	0.0	8.0	0.0	0.0	31.0	13.0	15.0	3.0	9.0	6.0	73.0
177828	7.0	3.0	0.0	0.0	45.0	0.0	8.0	9.0	0.0	29.0	0.0	0.0	0.0	0.0	0.0	110.0	0.0	40.0	1.0	71.0	14.0	0.0	0.0	0.0	2.0	19.0	0.0	112.0	11.0	0.0	0.0	78.0	29.0	0.0	0.0	0.0	0.0	0.0	0.0	0.0	61.0	41.0	0.0	17.0	7.0
16340	153.0	206.0	0.0	0.0	0.0	0.0	84.0	8.0	254.0	15.0	0.0	1.0	1.0	0.0	0.0	11.0	91.0	24.0	263.0	25.0	3.0	2.0	0.0	53.0	156.0	1.0	0.0	1.0	188.0	91.0	0.0	0.0	1.0	0.0	0.0	0.0	0.0	0.0	0.0	2.0	0.0	0.0	1.0	0.0	0.0
New.ReferenceOTU19	8.0	8.0	3.0	19.0	0.0	81.0	3.0	0.0	4.0	0.0	44.0	2.0	0.0	0.0	36.0	0.0	2.0	0.0	5.0	0.0	0.0	57.0	0.0	5.0	6.0	0.0	0.0	0.0	16.0	9.0	0.0	4.0	0.0	20.0	12.0	2.0	16.0	25.0	0.0	21.0	17.0	0.0	7.0	27.0	0.0
New.ReferenceOTU12	0.0	0.0	83.0	0.0	0.0	0.0	0.0	0.0	0.0	0.0	0.0	0.0	0.0	0.0	0.0	0.0	0.0	0.0	0.0	4.0	0.0	0.0	0.0	0.0	0.0	0.0	0.0	0.0	1.0	0.0	0.0	0.0	0.0	79.0	237.0	0.0	77.0	54.0	0.0	0.0	0.0	0.0	0.0	0.0	0.0
New.ReferenceOTU16	0.0	0.0	42.0	0.0	2.0	0.0	0.0	0.0	0.0	0.0	0.0	0.0	0.0	0.0	0.0	1.0	0.0	0.0	0.0	0.0	0.0	0.0	0.0	0.0	0.0	7.0	0.0	2.0	0.0	0.0	0.0	0.0	1.0	35.0	63.0	0.0	51.0	71.0	0.0	0.0	0.0	0.0	0.0	0.0	0.0
New.ReferenceOTU17	39.0	11.0	48.0	12.0	17.0	49.0	13.0	6.0	40.0	9.0	13.0	2.0	12.0	56.0	25.0	7.0	101.0	2.0	129.0	3.0	6.0	31.0	24.0	55.0	28.0	11.0	28.0	40.0	19.0	121.0	0.0	0.0	7.0	201.0	139.0	4.0	106.0	219.0	1.0	8.0	0.0	2.0	15.0	1.0	1.0
New.ReferenceOTU7	3.0	156.0	0.0	0.0	0.0	0.0	93.0	0.0	0.0	0.0	0.0	0.0	0.0	0.0	0.0	0.0	0.0	0.0	0.0	0.0	0.0	0.0	0.0	0.0	164.0	0.0	0.0	0.0	63.0	0.0	0.0	0.0	0.0	0.0	0.0	0.0	0.0	0.0	0.0	0.0	0.0	0.0	0.0	0.0	0.0
New.ReferenceOTU21	12.0	11.0	4.0	1.0	0.0	8.0	9.0	0.0	8.0	1.0	8.0	0.0	7.0	5.0	6.0	1.0	32.0	0.0	21.0	1.0	1.0	3.0	5.0	12.0	18.0	1.0	2.0	1.0	16.0	16.0	1.0	2.0	4.0	17.0	13.0	0.0	11.0	21.0	0.0	2.0	1.0	2.0	5.0	9.0	0.0
New.CleanUp.ReferenceOTU446	14.0	7.0	0.0	0.0	0.0	69.0	7.0	1.0	8.0	3.0	59.0	60.0	0.0	0.0	70.0	0.0	1.0	2.0	3.0	24.0	3.0	114.0	0.0	0.0	5.0	0.0	0.0	0.0	16.0	3.0	0.0	0.0	1.0	1.0	0.0	1.0	0.0	0.0	0.0	1.0	1.0	0.0	1.0	0.0	0.0
New.CleanUp.ReferenceOTU2546	0.0	0.0	26.0	0.0	0.0	19.0	0.0	0.0	0.0	0.0	26.0	46.0	0.0	0.0	10.0	0.0	0.0	0.0	0.0	0.0	0.0	17.0	0.0	0.0	0.0	0.0	0.0	0.0	0.0	0.0	0.0	0.0	0.0	5.0	56.0	0.0	39.0	49.0	0.0	1.0	0.0	0.0	0.0	0.0	0.0
New.CleanUp.ReferenceOTU3888	16.0	2.0	0.0	11.0	1.0	49.0	2.0	4.0	1.0	22.0	16.0	0.0	61.0	21.0	33.0	2.0	0.0	26.0	0.0	9.0	2.0	8.0	13.0	0.0	2.0	10.0	26.0	3.0	2.0	8.0	12.0	2.0	0.0	6.0	2.0	0.0	1.0	0.0	12.0	17.0	1.0	1.0	8.0	0.0	0.0
New.CleanUp.ReferenceOTU4575	51.0	18.0	3.0	4.0	3.0	16.0	1.0	0.0	1.0	0.0	17.0	1.0	4.0	4.0	11.0	6.0	3.0	0.0	5.0	0.0	0.0	6.0	0.0	5.0	14.0	12.0	5.0	15.0	3.0	1.0	1.0	0.0	2.0	12.0	1.0	1.0	4.0	0.0	5.0	22.0	0.0	0.0	16.0	0.0	0.0
